,repo,origin_commit,file,code_context,commit_date,line_vuln,code_vuln
0,openrct2/openrct2,e9eeb36cdf8b292db7e26d3e8c76920e67e124fa,src/interface/console.c,"static int cc_hide(const char **argv, int argc)
{
	console_close();
	return 0;
}
",2015-06-16 14:57:55 -0400,55," CURSOR_RELEASED = CURSOR_UP | CURSOR_CHANGED,                             ^"
1,openrct2/openrct2,e9eeb36cdf8b292db7e26d3e8c76920e67e124fa,src/interface/console.c,"static int cc_hide(const char **argv, int argc)
{
	console_close();
	return 0;
}
",2015-06-16 14:57:55 -0400,973,"    argv = realloc(argv, argvCapacity * sizeof(char*))"
2,openrct2/openrct2,e9eeb36cdf8b292db7e26d3e8c76920e67e124fa,src/interface/console.c,"static int cc_hide(const char **argv, int argc)
{
	console_close();
	return 0;
}
",2015-06-16 14:57:55 -0400,748,        int rideType
3,openrct2/openrct2,e9eeb36cdf8b292db7e26d3e8c76920e67e124fa,src/interface/console.c,"static int cc_hide(const char **argv, int argc)
{
	console_close();
	return 0;
}
",2015-06-16 14:57:55 -0400,274, PEEP_FLAGS_TWITCH = (1 << 31)  // Added for twitch integration                        ^
4,openrct2/openrct2,e9eeb36cdf8b292db7e26d3e8c76920e67e124fa,src/interface/console.c,"static int cc_hide(const char **argv, int argc)
{
	console_close();
	return 0;
}
",2015-06-16 14:57:55 -0400,407," RIDE_ENTRY_FLAG_31 = 1 << 31, // 0x80000000                        ^"
5,openrct2/openrct2,e9eeb36cdf8b292db7e26d3e8c76920e67e124fa,src/interface/console.c,"static int cc_hide(const char **argv, int argc)
{
	console_close();
	return 0;
}
",2015-06-16 14:57:55 -0400,736," RIDE_TYPE_FLAG_SUPPORTS_MULTIPLE_TRACK_COLOUR = 1 << 31,                                                   ^"
6,openrct2/openrct2,e9eeb36cdf8b292db7e26d3e8c76920e67e124fa,src/interface/console.c,"static int cc_hide(const char **argv, int argc)
{
	console_close();
	return 0;
}
",2015-06-16 14:57:55 -0400,274, PEEP_FLAGS_TWITCH = (1 << 31)  // Added for twitch integration                        ^
7,openrct2/openrct2,e9eeb36cdf8b292db7e26d3e8c76920e67e124fa,src/interface/console.c,"static int cc_hide(const char **argv, int argc)
{
	console_close();
	return 0;
}
",2015-06-16 14:57:55 -0400,407," RIDE_ENTRY_FLAG_31 = 1 << 31, // 0x80000000                        ^"
8,openrct2/openrct2,e9eeb36cdf8b292db7e26d3e8c76920e67e124fa,src/interface/console.c,"static int cc_hide(const char **argv, int argc)
{
	console_close();
	return 0;
}
",2015-06-16 14:57:55 -0400,736," RIDE_TYPE_FLAG_SUPPORTS_MULTIPLE_TRACK_COLOUR = 1 << 31,                                                   ^"
9,openrct2/openrct2,e9eeb36cdf8b292db7e26d3e8c76920e67e124fa,src/interface/console.c,"static int cc_hide(const char **argv, int argc)
{
	console_close();
	return 0;
}
",2015-06-16 14:57:55 -0400,543,"  double double_val2 = console_parse_double(argv[2], &double_valid2)"
10,openrct2/openrct2,e9eeb36cdf8b292db7e26d3e8c76920e67e124fa,src/interface/console.c,"static int cc_hide(const char **argv, int argc)
{
	console_close();
	return 0;
}
",2015-06-16 14:57:55 -0400,717,  char* last_char = path + strlen(path)
11,openrct2/openrct2,e9eeb36cdf8b292db7e26d3e8c76920e67e124fa,src/interface/console.c,"static int cc_hide(const char **argv, int argc)
{
	console_close();
	return 0;
}
",2015-06-16 14:57:55 -0400,765,        scenerySetEntry = g_scenerySetEntries[entryGroupIndex]
12,openrct2/openrct2,e9eeb36cdf8b292db7e26d3e8c76920e67e124fa,src/interface/console.c,"static int cc_hide(const char **argv, int argc)
{
	console_close();
	return 0;
}
",2015-06-16 14:57:55 -0400,943, bool inQuotes = false
13,openrct2/openrct2,e9eeb36cdf8b292db7e26d3e8c76920e67e124fa,src/interface/console.c,"static int cc_hide(const char **argv, int argc)
{
	console_close();
	return 0;
}
",2015-06-16 14:57:55 -0400,314,}^
14,openrct2/openrct2,0491d971f3ad79e6327b3fc14d8180241ca5a107,src/interface/console.c,"static int cc_hide(const char **argv, int argc)
{
	console_close();
	return 0;
}
",2015-06-19 14:59:48 +0200,55," CURSOR_RELEASED = CURSOR_UP | CURSOR_CHANGED,                             ^"
15,openrct2/openrct2,0491d971f3ad79e6327b3fc14d8180241ca5a107,src/interface/console.c,"static int cc_hide(const char **argv, int argc)
{
	console_close();
	return 0;
}
",2015-06-19 14:59:48 +0200,975,"    argv = realloc(argv, argvCapacity * sizeof(char*))"
16,openrct2/openrct2,0491d971f3ad79e6327b3fc14d8180241ca5a107,src/interface/console.c,"static int cc_hide(const char **argv, int argc)
{
	console_close();
	return 0;
}
",2015-06-19 14:59:48 +0200,748,        int rideType
17,openrct2/openrct2,0491d971f3ad79e6327b3fc14d8180241ca5a107,src/interface/console.c,"static int cc_hide(const char **argv, int argc)
{
	console_close();
	return 0;
}
",2015-06-19 14:59:48 +0200,274, PEEP_FLAGS_TWITCH = (1 << 31)  // Added for twitch integration                        ^
18,openrct2/openrct2,0491d971f3ad79e6327b3fc14d8180241ca5a107,src/interface/console.c,"static int cc_hide(const char **argv, int argc)
{
	console_close();
	return 0;
}
",2015-06-19 14:59:48 +0200,407," RIDE_ENTRY_FLAG_31 = 1 << 31, // 0x80000000                        ^"
19,openrct2/openrct2,0491d971f3ad79e6327b3fc14d8180241ca5a107,src/interface/console.c,"static int cc_hide(const char **argv, int argc)
{
	console_close();
	return 0;
}
",2015-06-19 14:59:48 +0200,736," RIDE_TYPE_FLAG_SUPPORTS_MULTIPLE_TRACK_COLOUR = 1 << 31,                                                   ^"
20,openrct2/openrct2,0491d971f3ad79e6327b3fc14d8180241ca5a107,src/interface/console.c,"static int cc_hide(const char **argv, int argc)
{
	console_close();
	return 0;
}
",2015-06-19 14:59:48 +0200,274, PEEP_FLAGS_TWITCH = (1 << 31)  // Added for twitch integration                        ^
21,openrct2/openrct2,0491d971f3ad79e6327b3fc14d8180241ca5a107,src/interface/console.c,"static int cc_hide(const char **argv, int argc)
{
	console_close();
	return 0;
}
",2015-06-19 14:59:48 +0200,407," RIDE_ENTRY_FLAG_31 = 1 << 31, // 0x80000000                        ^"
22,openrct2/openrct2,0491d971f3ad79e6327b3fc14d8180241ca5a107,src/interface/console.c,"static int cc_hide(const char **argv, int argc)
{
	console_close();
	return 0;
}
",2015-06-19 14:59:48 +0200,736," RIDE_TYPE_FLAG_SUPPORTS_MULTIPLE_TRACK_COLOUR = 1 << 31,                                                   ^"
23,openrct2/openrct2,0491d971f3ad79e6327b3fc14d8180241ca5a107,src/interface/console.c,"static int cc_hide(const char **argv, int argc)
{
	console_close();
	return 0;
}
",2015-06-19 14:59:48 +0200,543,"  double double_val2 = console_parse_double(argv[2], &double_valid2)"
24,openrct2/openrct2,0491d971f3ad79e6327b3fc14d8180241ca5a107,src/interface/console.c,"static int cc_hide(const char **argv, int argc)
{
	console_close();
	return 0;
}
",2015-06-19 14:59:48 +0200,717,  char* last_char = path + strlen(path)
25,openrct2/openrct2,0491d971f3ad79e6327b3fc14d8180241ca5a107,src/interface/console.c,"static int cc_hide(const char **argv, int argc)
{
	console_close();
	return 0;
}
",2015-06-19 14:59:48 +0200,765,        scenerySetEntry = g_scenerySetEntries[entryGroupIndex]
26,openrct2/openrct2,0491d971f3ad79e6327b3fc14d8180241ca5a107,src/interface/console.c,"static int cc_hide(const char **argv, int argc)
{
	console_close();
	return 0;
}
",2015-06-19 14:59:48 +0200,945, bool inQuotes = false
27,openrct2/openrct2,0491d971f3ad79e6327b3fc14d8180241ca5a107,src/interface/console.c,"static int cc_hide(const char **argv, int argc)
{
	console_close();
	return 0;
}
",2015-06-19 14:59:48 +0200,314,}^
28,openrct2/openrct2,5127e6509552340fb9d476a6af8e7c311134d602,src/interface/console.c,"static int cc_hide(const char **argv, int argc)
{
	console_close();
	return 0;
}
",2015-06-19 10:51:54 -0400,55," CURSOR_RELEASED = CURSOR_UP | CURSOR_CHANGED,                             ^"
29,openrct2/openrct2,5127e6509552340fb9d476a6af8e7c311134d602,src/interface/console.c,"static int cc_hide(const char **argv, int argc)
{
	console_close();
	return 0;
}
",2015-06-19 10:51:54 -0400,997,"    argv = realloc(argv, argvCapacity * sizeof(char*))"
30,openrct2/openrct2,5127e6509552340fb9d476a6af8e7c311134d602,src/interface/console.c,"static int cc_hide(const char **argv, int argc)
{
	console_close();
	return 0;
}
",2015-06-19 10:51:54 -0400,538, int i
31,openrct2/openrct2,5127e6509552340fb9d476a6af8e7c311134d602,src/interface/console.c,"static int cc_hide(const char **argv, int argc)
{
	console_close();
	return 0;
}
",2015-06-19 10:51:54 -0400,769,        int rideType
32,openrct2/openrct2,5127e6509552340fb9d476a6af8e7c311134d602,src/interface/console.c,"static int cc_hide(const char **argv, int argc)
{
	console_close();
	return 0;
}
",2015-06-19 10:51:54 -0400,274, PEEP_FLAGS_TWITCH = (1 << 31)  // Added for twitch integration                        ^
33,openrct2/openrct2,5127e6509552340fb9d476a6af8e7c311134d602,src/interface/console.c,"static int cc_hide(const char **argv, int argc)
{
	console_close();
	return 0;
}
",2015-06-19 10:51:54 -0400,407," RIDE_ENTRY_FLAG_31 = 1 << 31, // 0x80000000                        ^"
34,openrct2/openrct2,5127e6509552340fb9d476a6af8e7c311134d602,src/interface/console.c,"static int cc_hide(const char **argv, int argc)
{
	console_close();
	return 0;
}
",2015-06-19 10:51:54 -0400,736," RIDE_TYPE_FLAG_SUPPORTS_MULTIPLE_TRACK_COLOUR = 1 << 31,                                                   ^"
35,openrct2/openrct2,5127e6509552340fb9d476a6af8e7c311134d602,src/interface/console.c,"static int cc_hide(const char **argv, int argc)
{
	console_close();
	return 0;
}
",2015-06-19 10:51:54 -0400,274, PEEP_FLAGS_TWITCH = (1 << 31)  // Added for twitch integration                        ^
36,openrct2/openrct2,5127e6509552340fb9d476a6af8e7c311134d602,src/interface/console.c,"static int cc_hide(const char **argv, int argc)
{
	console_close();
	return 0;
}
",2015-06-19 10:51:54 -0400,407," RIDE_ENTRY_FLAG_31 = 1 << 31, // 0x80000000                        ^"
37,openrct2/openrct2,5127e6509552340fb9d476a6af8e7c311134d602,src/interface/console.c,"static int cc_hide(const char **argv, int argc)
{
	console_close();
	return 0;
}
",2015-06-19 10:51:54 -0400,736," RIDE_TYPE_FLAG_SUPPORTS_MULTIPLE_TRACK_COLOUR = 1 << 31,                                                   ^"
38,openrct2/openrct2,5127e6509552340fb9d476a6af8e7c311134d602,src/interface/console.c,"static int cc_hide(const char **argv, int argc)
{
	console_close();
	return 0;
}
",2015-06-19 10:51:54 -0400,738,  char* last_char = path + strlen(path)
39,openrct2/openrct2,5127e6509552340fb9d476a6af8e7c311134d602,src/interface/console.c,"static int cc_hide(const char **argv, int argc)
{
	console_close();
	return 0;
}
",2015-06-19 10:51:54 -0400,786,        scenerySetEntry = g_scenerySetEntries[entryGroupIndex]
40,openrct2/openrct2,5127e6509552340fb9d476a6af8e7c311134d602,src/interface/console.c,"static int cc_hide(const char **argv, int argc)
{
	console_close();
	return 0;
}
",2015-06-19 10:51:54 -0400,967, bool inQuotes = false
41,openrct2/openrct2,5127e6509552340fb9d476a6af8e7c311134d602,src/interface/console.c,"static int cc_hide(const char **argv, int argc)
{
	console_close();
	return 0;
}
",2015-06-19 10:51:54 -0400,316,}^
42,openrct2/openrct2,febe925f52d8b19de995d6936385438782250240,src/interface/console.c,"static int cc_hide(const char **argv, int argc)
{
	console_close();
	return 0;
}
",2015-06-19 10:58:56 -0400,55," CURSOR_RELEASED = CURSOR_UP | CURSOR_CHANGED,                             ^"
43,openrct2/openrct2,febe925f52d8b19de995d6936385438782250240,src/interface/console.c,"static int cc_hide(const char **argv, int argc)
{
	console_close();
	return 0;
}
",2015-06-19 10:58:56 -0400,1000,"    argv = realloc(argv, argvCapacity * sizeof(char*))"
44,openrct2/openrct2,febe925f52d8b19de995d6936385438782250240,src/interface/console.c,"static int cc_hide(const char **argv, int argc)
{
	console_close();
	return 0;
}
",2015-06-19 10:58:56 -0400,538, int i
45,openrct2/openrct2,febe925f52d8b19de995d6936385438782250240,src/interface/console.c,"static int cc_hide(const char **argv, int argc)
{
	console_close();
	return 0;
}
",2015-06-19 10:58:56 -0400,769,        int rideType
46,openrct2/openrct2,febe925f52d8b19de995d6936385438782250240,src/interface/console.c,"static int cc_hide(const char **argv, int argc)
{
	console_close();
	return 0;
}
",2015-06-19 10:58:56 -0400,274, PEEP_FLAGS_TWITCH = (1 << 31)  // Added for twitch integration                        ^
47,openrct2/openrct2,febe925f52d8b19de995d6936385438782250240,src/interface/console.c,"static int cc_hide(const char **argv, int argc)
{
	console_close();
	return 0;
}
",2015-06-19 10:58:56 -0400,407," RIDE_ENTRY_FLAG_31 = 1 << 31, // 0x80000000                        ^"
48,openrct2/openrct2,febe925f52d8b19de995d6936385438782250240,src/interface/console.c,"static int cc_hide(const char **argv, int argc)
{
	console_close();
	return 0;
}
",2015-06-19 10:58:56 -0400,736," RIDE_TYPE_FLAG_SUPPORTS_MULTIPLE_TRACK_COLOUR = 1 << 31,                                                   ^"
49,openrct2/openrct2,febe925f52d8b19de995d6936385438782250240,src/interface/console.c,"static int cc_hide(const char **argv, int argc)
{
	console_close();
	return 0;
}
",2015-06-19 10:58:56 -0400,274, PEEP_FLAGS_TWITCH = (1 << 31)  // Added for twitch integration                        ^
50,openrct2/openrct2,febe925f52d8b19de995d6936385438782250240,src/interface/console.c,"static int cc_hide(const char **argv, int argc)
{
	console_close();
	return 0;
}
",2015-06-19 10:58:56 -0400,407," RIDE_ENTRY_FLAG_31 = 1 << 31, // 0x80000000                        ^"
51,openrct2/openrct2,febe925f52d8b19de995d6936385438782250240,src/interface/console.c,"static int cc_hide(const char **argv, int argc)
{
	console_close();
	return 0;
}
",2015-06-19 10:58:56 -0400,736," RIDE_TYPE_FLAG_SUPPORTS_MULTIPLE_TRACK_COLOUR = 1 << 31,                                                   ^"
52,openrct2/openrct2,febe925f52d8b19de995d6936385438782250240,src/interface/console.c,"static int cc_hide(const char **argv, int argc)
{
	console_close();
	return 0;
}
",2015-06-19 10:58:56 -0400,738,  char* last_char = path + strlen(path)
53,openrct2/openrct2,febe925f52d8b19de995d6936385438782250240,src/interface/console.c,"static int cc_hide(const char **argv, int argc)
{
	console_close();
	return 0;
}
",2015-06-19 10:58:56 -0400,786,        scenerySetEntry = g_scenerySetEntries[entryGroupIndex]
54,openrct2/openrct2,febe925f52d8b19de995d6936385438782250240,src/interface/console.c,"static int cc_hide(const char **argv, int argc)
{
	console_close();
	return 0;
}
",2015-06-19 10:58:56 -0400,970, bool inQuotes = false
55,openrct2/openrct2,febe925f52d8b19de995d6936385438782250240,src/interface/console.c,"static int cc_hide(const char **argv, int argc)
{
	console_close();
	return 0;
}
",2015-06-19 10:58:56 -0400,316,}^
56,openrct2/openrct2,eea2a9f7c490308bf497d1a8ecc7e233a55ea8b5,src/interface/console.c,"static int cc_hide(const char **argv, int argc)
{
	console_close();
	return 0;
}
",2015-06-20 17:39:40 -0400,55," CURSOR_RELEASED = CURSOR_UP | CURSOR_CHANGED,                             ^"
57,openrct2/openrct2,eea2a9f7c490308bf497d1a8ecc7e233a55ea8b5,src/interface/console.c,"static int cc_hide(const char **argv, int argc)
{
	console_close();
	return 0;
}
",2015-06-20 17:39:40 -0400,1000,"    argv = realloc(argv, argvCapacity * sizeof(char*))"
58,openrct2/openrct2,eea2a9f7c490308bf497d1a8ecc7e233a55ea8b5,src/interface/console.c,"static int cc_hide(const char **argv, int argc)
{
	console_close();
	return 0;
}
",2015-06-20 17:39:40 -0400,538, int i
59,openrct2/openrct2,eea2a9f7c490308bf497d1a8ecc7e233a55ea8b5,src/interface/console.c,"static int cc_hide(const char **argv, int argc)
{
	console_close();
	return 0;
}
",2015-06-20 17:39:40 -0400,769,        int rideType
60,openrct2/openrct2,eea2a9f7c490308bf497d1a8ecc7e233a55ea8b5,src/interface/console.c,"static int cc_hide(const char **argv, int argc)
{
	console_close();
	return 0;
}
",2015-06-20 17:39:40 -0400,274, PEEP_FLAGS_TWITCH = (1 << 31)  // Added for twitch integration                        ^
61,openrct2/openrct2,eea2a9f7c490308bf497d1a8ecc7e233a55ea8b5,src/interface/console.c,"static int cc_hide(const char **argv, int argc)
{
	console_close();
	return 0;
}
",2015-06-20 17:39:40 -0400,407," RIDE_ENTRY_FLAG_31 = 1 << 31, // 0x80000000                        ^"
62,openrct2/openrct2,eea2a9f7c490308bf497d1a8ecc7e233a55ea8b5,src/interface/console.c,"static int cc_hide(const char **argv, int argc)
{
	console_close();
	return 0;
}
",2015-06-20 17:39:40 -0400,736," RIDE_TYPE_FLAG_SUPPORTS_MULTIPLE_TRACK_COLOUR = 1 << 31,                                                   ^"
63,openrct2/openrct2,eea2a9f7c490308bf497d1a8ecc7e233a55ea8b5,src/interface/console.c,"static int cc_hide(const char **argv, int argc)
{
	console_close();
	return 0;
}
",2015-06-20 17:39:40 -0400,274, PEEP_FLAGS_TWITCH = (1 << 31)  // Added for twitch integration                        ^
64,openrct2/openrct2,eea2a9f7c490308bf497d1a8ecc7e233a55ea8b5,src/interface/console.c,"static int cc_hide(const char **argv, int argc)
{
	console_close();
	return 0;
}
",2015-06-20 17:39:40 -0400,407," RIDE_ENTRY_FLAG_31 = 1 << 31, // 0x80000000                        ^"
65,openrct2/openrct2,eea2a9f7c490308bf497d1a8ecc7e233a55ea8b5,src/interface/console.c,"static int cc_hide(const char **argv, int argc)
{
	console_close();
	return 0;
}
",2015-06-20 17:39:40 -0400,736," RIDE_TYPE_FLAG_SUPPORTS_MULTIPLE_TRACK_COLOUR = 1 << 31,                                                   ^"
66,openrct2/openrct2,eea2a9f7c490308bf497d1a8ecc7e233a55ea8b5,src/interface/console.c,"static int cc_hide(const char **argv, int argc)
{
	console_close();
	return 0;
}
",2015-06-20 17:39:40 -0400,738,  char* last_char = path + strlen(path)
67,openrct2/openrct2,eea2a9f7c490308bf497d1a8ecc7e233a55ea8b5,src/interface/console.c,"static int cc_hide(const char **argv, int argc)
{
	console_close();
	return 0;
}
",2015-06-20 17:39:40 -0400,786,        scenerySetEntry = g_scenerySetEntries[entryGroupIndex]
68,openrct2/openrct2,eea2a9f7c490308bf497d1a8ecc7e233a55ea8b5,src/interface/console.c,"static int cc_hide(const char **argv, int argc)
{
	console_close();
	return 0;
}
",2015-06-20 17:39:40 -0400,970, bool inQuotes = false
69,openrct2/openrct2,eea2a9f7c490308bf497d1a8ecc7e233a55ea8b5,src/interface/console.c,"static int cc_hide(const char **argv, int argc)
{
	console_close();
	return 0;
}
",2015-06-20 17:39:40 -0400,316,}^
70,openrct2/openrct2,6d05adb43fe12006a0c0eecf11d9e2e5d8098409,src/interface/console.c,"static int cc_hide(const char **argv, int argc)console_close();return 0;",2015-06-23 22:23:30 +0200,55," CURSOR_RELEASED = CURSOR_UP | CURSOR_CHANGED,                             ^"
71,openrct2/openrct2,6d05adb43fe12006a0c0eecf11d9e2e5d8098409,src/interface/console.c,"static int cc_hide(const char **argv, int argc)console_close();return 0;",2015-06-23 22:23:30 +0200,1000,"    argv = realloc(argv, argvCapacity * sizeof(char*))"
72,openrct2/openrct2,6d05adb43fe12006a0c0eecf11d9e2e5d8098409,src/interface/console.c,"static int cc_hide(const char **argv, int argc)console_close();return 0;",2015-06-23 22:23:30 +0200,538, int i
73,openrct2/openrct2,6d05adb43fe12006a0c0eecf11d9e2e5d8098409,src/interface/console.c,"static int cc_hide(const char **argv, int argc)console_close();return 0;",2015-06-23 22:23:30 +0200,769,        int rideType
74,openrct2/openrct2,6d05adb43fe12006a0c0eecf11d9e2e5d8098409,src/interface/console.c,"static int cc_hide(const char **argv, int argc)console_close();return 0;",2015-06-23 22:23:30 +0200,274, PEEP_FLAGS_TWITCH = (1 << 31)  // Added for twitch integration                        ^
75,openrct2/openrct2,6d05adb43fe12006a0c0eecf11d9e2e5d8098409,src/interface/console.c,"static int cc_hide(const char **argv, int argc)console_close();return 0;",2015-06-23 22:23:30 +0200,407," RIDE_ENTRY_FLAG_31 = 1 << 31, // 0x80000000                        ^"
76,openrct2/openrct2,6d05adb43fe12006a0c0eecf11d9e2e5d8098409,src/interface/console.c,"static int cc_hide(const char **argv, int argc)console_close();return 0;",2015-06-23 22:23:30 +0200,736," RIDE_TYPE_FLAG_SUPPORTS_MULTIPLE_TRACK_COLOUR = 1 << 31,                                                   ^"
77,openrct2/openrct2,6d05adb43fe12006a0c0eecf11d9e2e5d8098409,src/interface/console.c,"static int cc_hide(const char **argv, int argc)console_close();return 0;",2015-06-23 22:23:30 +0200,274, PEEP_FLAGS_TWITCH = (1 << 31)  // Added for twitch integration                        ^
78,openrct2/openrct2,6d05adb43fe12006a0c0eecf11d9e2e5d8098409,src/interface/console.c,"static int cc_hide(const char **argv, int argc)console_close();return 0;",2015-06-23 22:23:30 +0200,407," RIDE_ENTRY_FLAG_31 = 1 << 31, // 0x80000000                        ^"
79,openrct2/openrct2,6d05adb43fe12006a0c0eecf11d9e2e5d8098409,src/interface/console.c,"static int cc_hide(const char **argv, int argc)console_close();return 0;",2015-06-23 22:23:30 +0200,736," RIDE_TYPE_FLAG_SUPPORTS_MULTIPLE_TRACK_COLOUR = 1 << 31,                                                   ^"
80,openrct2/openrct2,6d05adb43fe12006a0c0eecf11d9e2e5d8098409,src/interface/console.c,"static int cc_hide(const char **argv, int argc)console_close();return 0;",2015-06-23 22:23:30 +0200,738,  char* last_char = path + strlen(path)
81,openrct2/openrct2,6d05adb43fe12006a0c0eecf11d9e2e5d8098409,src/interface/console.c,"static int cc_hide(const char **argv, int argc)console_close();return 0;",2015-06-23 22:23:30 +0200,786,        scenerySetEntry = g_scenerySetEntries[entryGroupIndex]
82,openrct2/openrct2,6d05adb43fe12006a0c0eecf11d9e2e5d8098409,src/interface/console.c,"static int cc_hide(const char **argv, int argc)console_close();return 0;",2015-06-23 22:23:30 +0200,970, bool inQuotes = false
83,openrct2/openrct2,a3a993dabde4e7aaeaa45bddad80a2b9a8531be5,src/interface/console.c,"static int cc_hide(const char **argv, int argc)
{
	console_close();
	return 0;
}
",2015-06-24 12:25:54 -0400,55," CURSOR_RELEASED = CURSOR_UP | CURSOR_CHANGED,                             ^"
84,openrct2/openrct2,a3a993dabde4e7aaeaa45bddad80a2b9a8531be5,src/interface/console.c,"static int cc_hide(const char **argv, int argc)
{
	console_close();
	return 0;
}
",2015-06-24 12:25:54 -0400,1003,"    argv = realloc(argv, argvCapacity * sizeof(char*))"
85,openrct2/openrct2,a3a993dabde4e7aaeaa45bddad80a2b9a8531be5,src/interface/console.c,"static int cc_hide(const char **argv, int argc)
{
	console_close();
	return 0;
}
",2015-06-24 12:25:54 -0400,538, int i
86,openrct2/openrct2,a3a993dabde4e7aaeaa45bddad80a2b9a8531be5,src/interface/console.c,"static int cc_hide(const char **argv, int argc)
{
	console_close();
	return 0;
}
",2015-06-24 12:25:54 -0400,769,        int rideType
87,openrct2/openrct2,a3a993dabde4e7aaeaa45bddad80a2b9a8531be5,src/interface/console.c,"static int cc_hide(const char **argv, int argc)
{
	console_close();
	return 0;
}
",2015-06-24 12:25:54 -0400,274, PEEP_FLAGS_TWITCH = (1 << 31)  // Added for twitch integration                        ^
88,openrct2/openrct2,a3a993dabde4e7aaeaa45bddad80a2b9a8531be5,src/interface/console.c,"static int cc_hide(const char **argv, int argc)
{
	console_close();
	return 0;
}
",2015-06-24 12:25:54 -0400,412," RIDE_ENTRY_FLAG_31 = 1 << 31, // 0x80000000                        ^"
89,openrct2/openrct2,a3a993dabde4e7aaeaa45bddad80a2b9a8531be5,src/interface/console.c,"static int cc_hide(const char **argv, int argc)
{
	console_close();
	return 0;
}
",2015-06-24 12:25:54 -0400,741," RIDE_TYPE_FLAG_SUPPORTS_MULTIPLE_TRACK_COLOUR = 1 << 31,                                                   ^"
90,openrct2/openrct2,a3a993dabde4e7aaeaa45bddad80a2b9a8531be5,src/interface/console.c,"static int cc_hide(const char **argv, int argc)
{
	console_close();
	return 0;
}
",2015-06-24 12:25:54 -0400,274, PEEP_FLAGS_TWITCH = (1 << 31)  // Added for twitch integration                        ^
91,openrct2/openrct2,a3a993dabde4e7aaeaa45bddad80a2b9a8531be5,src/interface/console.c,"static int cc_hide(const char **argv, int argc)
{
	console_close();
	return 0;
}
",2015-06-24 12:25:54 -0400,412," RIDE_ENTRY_FLAG_31 = 1 << 31, // 0x80000000                        ^"
92,openrct2/openrct2,a3a993dabde4e7aaeaa45bddad80a2b9a8531be5,src/interface/console.c,"static int cc_hide(const char **argv, int argc)
{
	console_close();
	return 0;
}
",2015-06-24 12:25:54 -0400,741," RIDE_TYPE_FLAG_SUPPORTS_MULTIPLE_TRACK_COLOUR = 1 << 31,                                                   ^"
93,openrct2/openrct2,a3a993dabde4e7aaeaa45bddad80a2b9a8531be5,src/interface/console.c,"static int cc_hide(const char **argv, int argc)
{
	console_close();
	return 0;
}
",2015-06-24 12:25:54 -0400,738,  char* last_char = path + strlen(path)
94,openrct2/openrct2,a3a993dabde4e7aaeaa45bddad80a2b9a8531be5,src/interface/console.c,"static int cc_hide(const char **argv, int argc)
{
	console_close();
	return 0;
}
",2015-06-24 12:25:54 -0400,786,        scenerySetEntry = g_scenerySetEntries[entryGroupIndex]
95,openrct2/openrct2,a3a993dabde4e7aaeaa45bddad80a2b9a8531be5,src/interface/console.c,"static int cc_hide(const char **argv, int argc)
{
	console_close();
	return 0;
}
",2015-06-24 12:25:54 -0400,973, bool inQuotes = false
96,openrct2/openrct2,31e8e604fe01bc86d68745c4b258eeb07a8c72be,src/interface/console.c,"static int cc_hide(const char **argv, int argc)
{
	console_close();
	return 0;
}
",2015-06-25 14:27:09 -0400,55," CURSOR_RELEASED = CURSOR_UP | CURSOR_CHANGED,                             ^"
97,openrct2/openrct2,31e8e604fe01bc86d68745c4b258eeb07a8c72be,src/interface/console.c,"static int cc_hide(const char **argv, int argc)
{
	console_close();
	return 0;
}
",2015-06-25 14:27:09 -0400,1002,"    argv = realloc(argv, argvCapacity * sizeof(char*))"
98,openrct2/openrct2,31e8e604fe01bc86d68745c4b258eeb07a8c72be,src/interface/console.c,"static int cc_hide(const char **argv, int argc)
{
	console_close();
	return 0;
}
",2015-06-25 14:27:09 -0400,537, int i
99,openrct2/openrct2,31e8e604fe01bc86d68745c4b258eeb07a8c72be,src/interface/console.c,"static int cc_hide(const char **argv, int argc)
{
	console_close();
	return 0;
}
",2015-06-25 14:27:09 -0400,768,        int rideType
100,openrct2/openrct2,31e8e604fe01bc86d68745c4b258eeb07a8c72be,src/interface/console.c,"static int cc_hide(const char **argv, int argc)
{
	console_close();
	return 0;
}
",2015-06-25 14:27:09 -0400,274, PEEP_FLAGS_TWITCH = (1 << 31)  // Added for twitch integration                        ^
101,openrct2/openrct2,31e8e604fe01bc86d68745c4b258eeb07a8c72be,src/interface/console.c,"static int cc_hide(const char **argv, int argc)
{
	console_close();
	return 0;
}
",2015-06-25 14:27:09 -0400,412," RIDE_ENTRY_FLAG_31 = 1 << 31, // 0x80000000                        ^"
102,openrct2/openrct2,31e8e604fe01bc86d68745c4b258eeb07a8c72be,src/interface/console.c,"static int cc_hide(const char **argv, int argc)
{
	console_close();
	return 0;
}
",2015-06-25 14:27:09 -0400,741," RIDE_TYPE_FLAG_SUPPORTS_MULTIPLE_TRACK_COLOUR = 1 << 31,                                                   ^"
103,openrct2/openrct2,31e8e604fe01bc86d68745c4b258eeb07a8c72be,src/interface/console.c,"static int cc_hide(const char **argv, int argc)
{
	console_close();
	return 0;
}
",2015-06-25 14:27:09 -0400,274, PEEP_FLAGS_TWITCH = (1 << 31)  // Added for twitch integration                        ^
104,openrct2/openrct2,31e8e604fe01bc86d68745c4b258eeb07a8c72be,src/interface/console.c,"static int cc_hide(const char **argv, int argc)
{
	console_close();
	return 0;
}
",2015-06-25 14:27:09 -0400,412," RIDE_ENTRY_FLAG_31 = 1 << 31, // 0x80000000                        ^"
105,openrct2/openrct2,31e8e604fe01bc86d68745c4b258eeb07a8c72be,src/interface/console.c,"static int cc_hide(const char **argv, int argc)
{
	console_close();
	return 0;
}
",2015-06-25 14:27:09 -0400,741," RIDE_TYPE_FLAG_SUPPORTS_MULTIPLE_TRACK_COLOUR = 1 << 31,                                                   ^"
106,openrct2/openrct2,31e8e604fe01bc86d68745c4b258eeb07a8c72be,src/interface/console.c,"static int cc_hide(const char **argv, int argc)
{
	console_close();
	return 0;
}
",2015-06-25 14:27:09 -0400,737,  char* last_char = path + strlen(path)
107,openrct2/openrct2,31e8e604fe01bc86d68745c4b258eeb07a8c72be,src/interface/console.c,"static int cc_hide(const char **argv, int argc)
{
	console_close();
	return 0;
}
",2015-06-25 14:27:09 -0400,785,        scenerySetEntry = g_scenerySetEntries[entryGroupIndex]
108,openrct2/openrct2,31e8e604fe01bc86d68745c4b258eeb07a8c72be,src/interface/console.c,"static int cc_hide(const char **argv, int argc)
{
	console_close();
	return 0;
}
",2015-06-25 14:27:09 -0400,972, bool inQuotes = false
109,openrct2/openrct2,9eb4958ddecfd054008c770a3a22203bb92ad31a,src/interface/console.c,"static int cc_hide(const char **argv, int argc)
{
	console_close();
	return 0;
}
",2015-07-05 08:57:01 -0600,55," CURSOR_RELEASED = CURSOR_UP | CURSOR_CHANGED,                             ^"
110,openrct2/openrct2,9eb4958ddecfd054008c770a3a22203bb92ad31a,src/interface/console.c,"static int cc_hide(const char **argv, int argc)
{
	console_close();
	return 0;
}
",2015-07-05 08:57:01 -0600,1002,"    argv = realloc(argv, argvCapacity * sizeof(char*))"
111,openrct2/openrct2,9eb4958ddecfd054008c770a3a22203bb92ad31a,src/interface/console.c,"static int cc_hide(const char **argv, int argc)
{
	console_close();
	return 0;
}
",2015-07-05 08:57:01 -0600,537, int i
112,openrct2/openrct2,9eb4958ddecfd054008c770a3a22203bb92ad31a,src/interface/console.c,"static int cc_hide(const char **argv, int argc)
{
	console_close();
	return 0;
}
",2015-07-05 08:57:01 -0600,768,        int rideType
113,openrct2/openrct2,9eb4958ddecfd054008c770a3a22203bb92ad31a,src/interface/console.c,"static int cc_hide(const char **argv, int argc)
{
	console_close();
	return 0;
}
",2015-07-05 08:57:01 -0600,274, PEEP_FLAGS_TWITCH = (1 << 31)  // Added for twitch integration                        ^
114,openrct2/openrct2,9eb4958ddecfd054008c770a3a22203bb92ad31a,src/interface/console.c,"static int cc_hide(const char **argv, int argc)
{
	console_close();
	return 0;
}
",2015-07-05 08:57:01 -0600,429," RIDE_ENTRY_FLAG_31 = 1 << 31, // 0x80000000                        ^"
115,openrct2/openrct2,9eb4958ddecfd054008c770a3a22203bb92ad31a,src/interface/console.c,"static int cc_hide(const char **argv, int argc)
{
	console_close();
	return 0;
}
",2015-07-05 08:57:01 -0600,758," RIDE_TYPE_FLAG_SUPPORTS_MULTIPLE_TRACK_COLOUR = 1 << 31,                                                   ^"
116,openrct2/openrct2,9eb4958ddecfd054008c770a3a22203bb92ad31a,src/interface/console.c,"static int cc_hide(const char **argv, int argc)
{
	console_close();
	return 0;
}
",2015-07-05 08:57:01 -0600,274, PEEP_FLAGS_TWITCH = (1 << 31)  // Added for twitch integration                        ^
117,openrct2/openrct2,9eb4958ddecfd054008c770a3a22203bb92ad31a,src/interface/console.c,"static int cc_hide(const char **argv, int argc)
{
	console_close();
	return 0;
}
",2015-07-05 08:57:01 -0600,429," RIDE_ENTRY_FLAG_31 = 1 << 31, // 0x80000000                        ^"
118,openrct2/openrct2,9eb4958ddecfd054008c770a3a22203bb92ad31a,src/interface/console.c,"static int cc_hide(const char **argv, int argc)
{
	console_close();
	return 0;
}
",2015-07-05 08:57:01 -0600,758," RIDE_TYPE_FLAG_SUPPORTS_MULTIPLE_TRACK_COLOUR = 1 << 31,                                                   ^"
119,openrct2/openrct2,9eb4958ddecfd054008c770a3a22203bb92ad31a,src/interface/console.c,"static int cc_hide(const char **argv, int argc)
{
	console_close();
	return 0;
}
",2015-07-05 08:57:01 -0600,737,  char* last_char = path + strlen(path)
120,openrct2/openrct2,9eb4958ddecfd054008c770a3a22203bb92ad31a,src/interface/console.c,"static int cc_hide(const char **argv, int argc)
{
	console_close();
	return 0;
}
",2015-07-05 08:57:01 -0600,785,        scenerySetEntry = g_scenerySetEntries[entryGroupIndex]
121,openrct2/openrct2,9eb4958ddecfd054008c770a3a22203bb92ad31a,src/interface/console.c,"static int cc_hide(const char **argv, int argc)
{
	console_close();
	return 0;
}
",2015-07-05 08:57:01 -0600,972, bool inQuotes = false
122,openrct2/openrct2,58247a2d6b0783a8e0dbc5365f8f39178dae9001,src/interface/console.c,"static int cc_hide(const char **argv, int argc)
{
	console_close();
	return 0;
}
",2015-07-16 10:21:10 +0200,55," CURSOR_RELEASED = CURSOR_UP | CURSOR_CHANGED,                             ^"
123,openrct2/openrct2,58247a2d6b0783a8e0dbc5365f8f39178dae9001,src/interface/console.c,"static int cc_hide(const char **argv, int argc)
{
	console_close();
	return 0;
}
",2015-07-16 10:21:10 +0200,1003,"    argv = realloc(argv, argvCapacity * sizeof(char*))"
124,openrct2/openrct2,58247a2d6b0783a8e0dbc5365f8f39178dae9001,src/interface/console.c,"static int cc_hide(const char **argv, int argc)
{
	console_close();
	return 0;
}
",2015-07-16 10:21:10 +0200,538, int i
125,openrct2/openrct2,58247a2d6b0783a8e0dbc5365f8f39178dae9001,src/interface/console.c,"static int cc_hide(const char **argv, int argc)
{
	console_close();
	return 0;
}
",2015-07-16 10:21:10 +0200,769,        int rideType
126,openrct2/openrct2,58247a2d6b0783a8e0dbc5365f8f39178dae9001,src/interface/console.c,"static int cc_hide(const char **argv, int argc)
{
	console_close();
	return 0;
}
",2015-07-16 10:21:10 +0200,274, PEEP_FLAGS_TWITCH = (1 << 31)  // Added for twitch integration                        ^
127,openrct2/openrct2,58247a2d6b0783a8e0dbc5365f8f39178dae9001,src/interface/console.c,"static int cc_hide(const char **argv, int argc)
{
	console_close();
	return 0;
}
",2015-07-16 10:21:10 +0200,432," RIDE_ENTRY_FLAG_31 = 1 << 31, // 0x80000000                        ^"
128,openrct2/openrct2,58247a2d6b0783a8e0dbc5365f8f39178dae9001,src/interface/console.c,"static int cc_hide(const char **argv, int argc)
{
	console_close();
	return 0;
}
",2015-07-16 10:21:10 +0200,766," RIDE_TYPE_FLAG_SUPPORTS_MULTIPLE_TRACK_COLOUR = 1 << 31,                                                   ^"
129,openrct2/openrct2,58247a2d6b0783a8e0dbc5365f8f39178dae9001,src/interface/console.c,"static int cc_hide(const char **argv, int argc)
{
	console_close();
	return 0;
}
",2015-07-16 10:21:10 +0200,274, PEEP_FLAGS_TWITCH = (1 << 31)  // Added for twitch integration                        ^
130,openrct2/openrct2,58247a2d6b0783a8e0dbc5365f8f39178dae9001,src/interface/console.c,"static int cc_hide(const char **argv, int argc)
{
	console_close();
	return 0;
}
",2015-07-16 10:21:10 +0200,432," RIDE_ENTRY_FLAG_31 = 1 << 31, // 0x80000000                        ^"
131,openrct2/openrct2,58247a2d6b0783a8e0dbc5365f8f39178dae9001,src/interface/console.c,"static int cc_hide(const char **argv, int argc)
{
	console_close();
	return 0;
}
",2015-07-16 10:21:10 +0200,766," RIDE_TYPE_FLAG_SUPPORTS_MULTIPLE_TRACK_COLOUR = 1 << 31,                                                   ^"
132,openrct2/openrct2,58247a2d6b0783a8e0dbc5365f8f39178dae9001,src/interface/console.c,"static int cc_hide(const char **argv, int argc)
{
	console_close();
	return 0;
}
",2015-07-16 10:21:10 +0200,738,  char* last_char = path + strlen(path)
133,openrct2/openrct2,58247a2d6b0783a8e0dbc5365f8f39178dae9001,src/interface/console.c,"static int cc_hide(const char **argv, int argc)
{
	console_close();
	return 0;
}
",2015-07-16 10:21:10 +0200,786,        scenerySetEntry = g_scenerySetEntries[entryGroupIndex]
134,openrct2/openrct2,58247a2d6b0783a8e0dbc5365f8f39178dae9001,src/interface/console.c,"static int cc_hide(const char **argv, int argc)
{
	console_close();
	return 0;
}
",2015-07-16 10:21:10 +0200,973, bool inQuotes = false
135,openrct2/openrct2,7bcb12503a753b316066dc56116185a95ae1c552,src/interface/console.c,	console_close();	return 0;,2015-08-02 11:25:26 +0100,55," CURSOR_RELEASED = CURSOR_UP | CURSOR_CHANGED,                             ^"
136,openrct2/openrct2,7bcb12503a753b316066dc56116185a95ae1c552,src/interface/console.c,	console_close();	return 0;,2015-08-02 11:25:26 +0100,1004,"    argv = realloc(argv, argvCapacity * sizeof(utf8*))"
137,openrct2/openrct2,7bcb12503a753b316066dc56116185a95ae1c552,src/interface/console.c,	console_close();	return 0;,2015-08-02 11:25:26 +0100,538, int i
138,openrct2/openrct2,7bcb12503a753b316066dc56116185a95ae1c552,src/interface/console.c,	console_close();	return 0;,2015-08-02 11:25:26 +0100,770,        int rideType
139,openrct2/openrct2,7bcb12503a753b316066dc56116185a95ae1c552,src/interface/console.c,	console_close();	return 0;,2015-08-02 11:25:26 +0100,279, PEEP_FLAGS_TWITCH = (1 << 31)  // Added for twitch integration                        ^
140,openrct2/openrct2,7bcb12503a753b316066dc56116185a95ae1c552,src/interface/console.c,	console_close();	return 0;,2015-08-02 11:25:26 +0100,433," RIDE_ENTRY_FLAG_31 = 1 << 31, // 0x80000000                        ^"
141,openrct2/openrct2,7bcb12503a753b316066dc56116185a95ae1c552,src/interface/console.c,	console_close();	return 0;,2015-08-02 11:25:26 +0100,767," RIDE_TYPE_FLAG_SUPPORTS_MULTIPLE_TRACK_COLOUR = 1 << 31,                                                   ^"
142,openrct2/openrct2,7bcb12503a753b316066dc56116185a95ae1c552,src/interface/console.c,	console_close();	return 0;,2015-08-02 11:25:26 +0100,279, PEEP_FLAGS_TWITCH = (1 << 31)  // Added for twitch integration                        ^
143,openrct2/openrct2,7bcb12503a753b316066dc56116185a95ae1c552,src/interface/console.c,	console_close();	return 0;,2015-08-02 11:25:26 +0100,433," RIDE_ENTRY_FLAG_31 = 1 << 31, // 0x80000000                        ^"
144,openrct2/openrct2,7bcb12503a753b316066dc56116185a95ae1c552,src/interface/console.c,	console_close();	return 0;,2015-08-02 11:25:26 +0100,767," RIDE_TYPE_FLAG_SUPPORTS_MULTIPLE_TRACK_COLOUR = 1 << 31,                                                   ^"
145,openrct2/openrct2,7bcb12503a753b316066dc56116185a95ae1c552,src/interface/console.c,	console_close();	return 0;,2015-08-02 11:25:26 +0100,739,  utf8* last_char = path + strlen(path)
146,openrct2/openrct2,7bcb12503a753b316066dc56116185a95ae1c552,src/interface/console.c,	console_close();	return 0;,2015-08-02 11:25:26 +0100,787,        scenerySetEntry = g_scenerySetEntries[entryGroupIndex]
147,openrct2/openrct2,7bcb12503a753b316066dc56116185a95ae1c552,src/interface/console.c,	console_close();	return 0;,2015-08-02 11:25:26 +0100,974, bool inQuotes = false
148,openrct2/openrct2,7449deeffe36cfdb696616e59f038561e5581a1c,src/interface/console.c,"static int cc_hide(const char **argv, int argc)
{
	console_close();
	return 0;
}
",2015-08-16 15:31:59 +0200,57," CURSOR_RELEASED = CURSOR_UP | CURSOR_CHANGED,                             ^"
149,openrct2/openrct2,7449deeffe36cfdb696616e59f038561e5581a1c,src/interface/console.c,"static int cc_hide(const char **argv, int argc)
{
	console_close();
	return 0;
}
",2015-08-16 15:31:59 +0200,1014,"    argv = realloc(argv, argvCapacity * sizeof(utf8*))"
150,openrct2/openrct2,7449deeffe36cfdb696616e59f038561e5581a1c,src/interface/console.c,"static int cc_hide(const char **argv, int argc)
{
	console_close();
	return 0;
}
",2015-08-16 15:31:59 +0200,539, int i
151,openrct2/openrct2,7449deeffe36cfdb696616e59f038561e5581a1c,src/interface/console.c,"static int cc_hide(const char **argv, int argc)
{
	console_close();
	return 0;
}
",2015-08-16 15:31:59 +0200,771,        int rideType
152,openrct2/openrct2,7449deeffe36cfdb696616e59f038561e5581a1c,src/interface/console.c,"static int cc_hide(const char **argv, int argc)
{
	console_close();
	return 0;
}
",2015-08-16 15:31:59 +0200,279, PEEP_FLAGS_TWITCH = (1 << 31)  // Added for twitch integration                        ^
153,openrct2/openrct2,7449deeffe36cfdb696616e59f038561e5581a1c,src/interface/console.c,"static int cc_hide(const char **argv, int argc)
{
	console_close();
	return 0;
}
",2015-08-16 15:31:59 +0200,433," RIDE_ENTRY_FLAG_31 = 1 << 31, // 0x80000000                        ^"
154,openrct2/openrct2,7449deeffe36cfdb696616e59f038561e5581a1c,src/interface/console.c,"static int cc_hide(const char **argv, int argc)
{
	console_close();
	return 0;
}
",2015-08-16 15:31:59 +0200,770," RIDE_TYPE_FLAG_SUPPORTS_MULTIPLE_TRACK_COLOUR = 1 << 31,                                                   ^"
155,openrct2/openrct2,7449deeffe36cfdb696616e59f038561e5581a1c,src/interface/console.c,"static int cc_hide(const char **argv, int argc)
{
	console_close();
	return 0;
}
",2015-08-16 15:31:59 +0200,96, GAME_COMMAND_FLAG_NETWORKED = (1 << 31) // Game command is coming from network                                  ^
156,openrct2/openrct2,7449deeffe36cfdb696616e59f038561e5581a1c,src/interface/console.c,"static int cc_hide(const char **argv, int argc)
{
	console_close();
	return 0;
}
",2015-08-16 15:31:59 +0200,279, PEEP_FLAGS_TWITCH = (1 << 31)  // Added for twitch integration                        ^
157,openrct2/openrct2,7449deeffe36cfdb696616e59f038561e5581a1c,src/interface/console.c,"static int cc_hide(const char **argv, int argc)
{
	console_close();
	return 0;
}
",2015-08-16 15:31:59 +0200,433," RIDE_ENTRY_FLAG_31 = 1 << 31, // 0x80000000                        ^"
158,openrct2/openrct2,7449deeffe36cfdb696616e59f038561e5581a1c,src/interface/console.c,"static int cc_hide(const char **argv, int argc)
{
	console_close();
	return 0;
}
",2015-08-16 15:31:59 +0200,770," RIDE_TYPE_FLAG_SUPPORTS_MULTIPLE_TRACK_COLOUR = 1 << 31,                                                   ^"
159,openrct2/openrct2,7449deeffe36cfdb696616e59f038561e5581a1c,src/interface/console.c,"static int cc_hide(const char **argv, int argc)
{
	console_close();
	return 0;
}
",2015-08-16 15:31:59 +0200,96, GAME_COMMAND_FLAG_NETWORKED = (1 << 31) // Game command is coming from network                                  ^
160,openrct2/openrct2,7449deeffe36cfdb696616e59f038561e5581a1c,src/interface/console.c,"static int cc_hide(const char **argv, int argc)
{
	console_close();
	return 0;
}
",2015-08-16 15:31:59 +0200,740,  utf8* last_char = path + strlen(path)
161,openrct2/openrct2,7449deeffe36cfdb696616e59f038561e5581a1c,src/interface/console.c,"static int cc_hide(const char **argv, int argc)
{
	console_close();
	return 0;
}
",2015-08-16 15:31:59 +0200,788,        scenerySetEntry = g_scenerySetEntries[entryGroupIndex]
162,openrct2/openrct2,7449deeffe36cfdb696616e59f038561e5581a1c,src/interface/console.c,"static int cc_hide(const char **argv, int argc)
{
	console_close();
	return 0;
}
",2015-08-16 15:31:59 +0200,984, bool inQuotes = false
163,openrct2/openrct2,e9b528248671e82f7c4fc9e967c59fa1353a25e4,src/interface/console.c,"static int cc_hide(const char **argv, int argc)
{
	console_close();
	return 0;
}
",2015-08-27 17:24:23 +0200,57," CURSOR_RELEASED = CURSOR_UP | CURSOR_CHANGED,                             ^"
164,openrct2/openrct2,e9b528248671e82f7c4fc9e967c59fa1353a25e4,src/interface/console.c,"static int cc_hide(const char **argv, int argc)
{
	console_close();
	return 0;
}
",2015-08-27 17:24:23 +0200,1022,"    argv = realloc(argv, argvCapacity * sizeof(utf8*))"
165,openrct2/openrct2,e9b528248671e82f7c4fc9e967c59fa1353a25e4,src/interface/console.c,"static int cc_hide(const char **argv, int argc)
{
	console_close();
	return 0;
}
",2015-08-27 17:24:23 +0200,540, int i
166,openrct2/openrct2,e9b528248671e82f7c4fc9e967c59fa1353a25e4,src/interface/console.c,"static int cc_hide(const char **argv, int argc)
{
	console_close();
	return 0;
}
",2015-08-27 17:24:23 +0200,772,        int rideType
167,openrct2/openrct2,e9b528248671e82f7c4fc9e967c59fa1353a25e4,src/interface/console.c,"static int cc_hide(const char **argv, int argc)
{
	console_close();
	return 0;
}
",2015-08-27 17:24:23 +0200,279, PEEP_FLAGS_TWITCH = (1 << 31)  // Added for twitch integration                        ^
168,openrct2/openrct2,e9b528248671e82f7c4fc9e967c59fa1353a25e4,src/interface/console.c,"static int cc_hide(const char **argv, int argc)
{
	console_close();
	return 0;
}
",2015-08-27 17:24:23 +0200,433," RIDE_ENTRY_FLAG_31 = 1 << 31, // 0x80000000                        ^"
169,openrct2/openrct2,e9b528248671e82f7c4fc9e967c59fa1353a25e4,src/interface/console.c,"static int cc_hide(const char **argv, int argc)
{
	console_close();
	return 0;
}
",2015-08-27 17:24:23 +0200,770," RIDE_TYPE_FLAG_SUPPORTS_MULTIPLE_TRACK_COLOUR = 1 << 31,                                                   ^"
170,openrct2/openrct2,e9b528248671e82f7c4fc9e967c59fa1353a25e4,src/interface/console.c,"static int cc_hide(const char **argv, int argc)
{
	console_close();
	return 0;
}
",2015-08-27 17:24:23 +0200,96, GAME_COMMAND_FLAG_NETWORKED = (1 << 31) // Game command is coming from network                                  ^
171,openrct2/openrct2,e9b528248671e82f7c4fc9e967c59fa1353a25e4,src/interface/console.c,"static int cc_hide(const char **argv, int argc)
{
	console_close();
	return 0;
}
",2015-08-27 17:24:23 +0200,279, PEEP_FLAGS_TWITCH = (1 << 31)  // Added for twitch integration                        ^
172,openrct2/openrct2,e9b528248671e82f7c4fc9e967c59fa1353a25e4,src/interface/console.c,"static int cc_hide(const char **argv, int argc)
{
	console_close();
	return 0;
}
",2015-08-27 17:24:23 +0200,433," RIDE_ENTRY_FLAG_31 = 1 << 31, // 0x80000000                        ^"
173,openrct2/openrct2,e9b528248671e82f7c4fc9e967c59fa1353a25e4,src/interface/console.c,"static int cc_hide(const char **argv, int argc)
{
	console_close();
	return 0;
}
",2015-08-27 17:24:23 +0200,770," RIDE_TYPE_FLAG_SUPPORTS_MULTIPLE_TRACK_COLOUR = 1 << 31,                                                   ^"
174,openrct2/openrct2,e9b528248671e82f7c4fc9e967c59fa1353a25e4,src/interface/console.c,"static int cc_hide(const char **argv, int argc)
{
	console_close();
	return 0;
}
",2015-08-27 17:24:23 +0200,96, GAME_COMMAND_FLAG_NETWORKED = (1 << 31) // Game command is coming from network                                  ^
175,openrct2/openrct2,e9b528248671e82f7c4fc9e967c59fa1353a25e4,src/interface/console.c,"static int cc_hide(const char **argv, int argc)
{
	console_close();
	return 0;
}
",2015-08-27 17:24:23 +0200,741,  utf8* last_char = path + strlen(path)
176,openrct2/openrct2,e9b528248671e82f7c4fc9e967c59fa1353a25e4,src/interface/console.c,"static int cc_hide(const char **argv, int argc)
{
	console_close();
	return 0;
}
",2015-08-27 17:24:23 +0200,789,        scenerySetEntry = g_scenerySetEntries[entryGroupIndex]
177,openrct2/openrct2,e9b528248671e82f7c4fc9e967c59fa1353a25e4,src/interface/console.c,"static int cc_hide(const char **argv, int argc)
{
	console_close();
	return 0;
}
",2015-08-27 17:24:23 +0200,992, bool inQuotes = false
178,openrct2/openrct2,68fc066fc513e7bc82d3effd3280c2cf144fce11,src/interface/console.c,"static int cc_hide(const char **argv, int argc)
{
	console_close();
	return 0;
}
",2015-09-11 15:23:11 +0200,57," CURSOR_RELEASED = CURSOR_UP | CURSOR_CHANGED,                             ^"
179,openrct2/openrct2,68fc066fc513e7bc82d3effd3280c2cf144fce11,src/interface/console.c,"static int cc_hide(const char **argv, int argc)
{
	console_close();
	return 0;
}
",2015-09-11 15:23:11 +0200,1022,"    argv = realloc(argv, argvCapacity * sizeof(utf8*))"
180,openrct2/openrct2,68fc066fc513e7bc82d3effd3280c2cf144fce11,src/interface/console.c,"static int cc_hide(const char **argv, int argc)
{
	console_close();
	return 0;
}
",2015-09-11 15:23:11 +0200,540, int i
181,openrct2/openrct2,68fc066fc513e7bc82d3effd3280c2cf144fce11,src/interface/console.c,"static int cc_hide(const char **argv, int argc)
{
	console_close();
	return 0;
}
",2015-09-11 15:23:11 +0200,772,        int rideType
182,openrct2/openrct2,68fc066fc513e7bc82d3effd3280c2cf144fce11,src/interface/console.c,"static int cc_hide(const char **argv, int argc)
{
	console_close();
	return 0;
}
",2015-09-11 15:23:11 +0200,279, PEEP_FLAGS_TWITCH = (1 << 31)  // Added for twitch integration                        ^
183,openrct2/openrct2,68fc066fc513e7bc82d3effd3280c2cf144fce11,src/interface/console.c,"static int cc_hide(const char **argv, int argc)
{
	console_close();
	return 0;
}
",2015-09-11 15:23:11 +0200,456," RIDE_ENTRY_FLAG_31 = 1 << 31, // 0x80000000                        ^"
184,openrct2/openrct2,68fc066fc513e7bc82d3effd3280c2cf144fce11,src/interface/console.c,"static int cc_hide(const char **argv, int argc)
{
	console_close();
	return 0;
}
",2015-09-11 15:23:11 +0200,776," RIDE_TYPE_FLAG_SUPPORTS_MULTIPLE_TRACK_COLOUR = 1 << 31,                                                   ^"
185,openrct2/openrct2,68fc066fc513e7bc82d3effd3280c2cf144fce11,src/interface/console.c,"static int cc_hide(const char **argv, int argc)
{
	console_close();
	return 0;
}
",2015-09-11 15:23:11 +0200,97, GAME_COMMAND_FLAG_NETWORKED = (1 << 31) // Game command is coming from network                                  ^
186,openrct2/openrct2,68fc066fc513e7bc82d3effd3280c2cf144fce11,src/interface/console.c,"static int cc_hide(const char **argv, int argc)
{
	console_close();
	return 0;
}
",2015-09-11 15:23:11 +0200,279, PEEP_FLAGS_TWITCH = (1 << 31)  // Added for twitch integration                        ^
187,openrct2/openrct2,68fc066fc513e7bc82d3effd3280c2cf144fce11,src/interface/console.c,"static int cc_hide(const char **argv, int argc)
{
	console_close();
	return 0;
}
",2015-09-11 15:23:11 +0200,456," RIDE_ENTRY_FLAG_31 = 1 << 31, // 0x80000000                        ^"
188,openrct2/openrct2,68fc066fc513e7bc82d3effd3280c2cf144fce11,src/interface/console.c,"static int cc_hide(const char **argv, int argc)
{
	console_close();
	return 0;
}
",2015-09-11 15:23:11 +0200,776," RIDE_TYPE_FLAG_SUPPORTS_MULTIPLE_TRACK_COLOUR = 1 << 31,                                                   ^"
189,openrct2/openrct2,68fc066fc513e7bc82d3effd3280c2cf144fce11,src/interface/console.c,"static int cc_hide(const char **argv, int argc)
{
	console_close();
	return 0;
}
",2015-09-11 15:23:11 +0200,97, GAME_COMMAND_FLAG_NETWORKED = (1 << 31) // Game command is coming from network                                  ^
190,openrct2/openrct2,68fc066fc513e7bc82d3effd3280c2cf144fce11,src/interface/console.c,"static int cc_hide(const char **argv, int argc)
{
	console_close();
	return 0;
}
",2015-09-11 15:23:11 +0200,741,  utf8* last_char = path + strlen(path)
191,openrct2/openrct2,68fc066fc513e7bc82d3effd3280c2cf144fce11,src/interface/console.c,"static int cc_hide(const char **argv, int argc)
{
	console_close();
	return 0;
}
",2015-09-11 15:23:11 +0200,789,        scenerySetEntry = g_scenerySetEntries[entryGroupIndex]
192,openrct2/openrct2,68fc066fc513e7bc82d3effd3280c2cf144fce11,src/interface/console.c,"static int cc_hide(const char **argv, int argc)
{
	console_close();
	return 0;
}
",2015-09-11 15:23:11 +0200,992, bool inQuotes = false
193,openrct2/openrct2,8463e58922f445e2121feacfb5f9fede619094de,src/interface/console.c,"static int cc_hide(const char **argv, int argc)
{
	console_close();
	return 0;
}
",2015-10-03 20:00:29 +0200,72," CURSOR_RELEASED = CURSOR_UP | CURSOR_CHANGED,                             ^"
194,openrct2/openrct2,8463e58922f445e2121feacfb5f9fede619094de,src/interface/console.c,"static int cc_hide(const char **argv, int argc)
{
	console_close();
	return 0;
}
",2015-10-03 20:00:29 +0200,1022,"    argv = realloc(argv, argvCapacity * sizeof(utf8*))"
195,openrct2/openrct2,8463e58922f445e2121feacfb5f9fede619094de,src/interface/console.c,"static int cc_hide(const char **argv, int argc)
{
	console_close();
	return 0;
}
",2015-10-03 20:00:29 +0200,540, int i
196,openrct2/openrct2,8463e58922f445e2121feacfb5f9fede619094de,src/interface/console.c,"static int cc_hide(const char **argv, int argc)
{
	console_close();
	return 0;
}
",2015-10-03 20:00:29 +0200,772,        int rideType
197,openrct2/openrct2,8463e58922f445e2121feacfb5f9fede619094de,src/interface/console.c,"static int cc_hide(const char **argv, int argc)
{
	console_close();
	return 0;
}
",2015-10-03 20:00:29 +0200,280, PEEP_FLAGS_TWITCH = (1 << 31)  // Added for twitch integration                        ^
198,openrct2/openrct2,8463e58922f445e2121feacfb5f9fede619094de,src/interface/console.c,"static int cc_hide(const char **argv, int argc)
{
	console_close();
	return 0;
}
",2015-10-03 20:00:29 +0200,456," RIDE_ENTRY_FLAG_31 = 1 << 31, // 0x80000000                        ^"
199,openrct2/openrct2,8463e58922f445e2121feacfb5f9fede619094de,src/interface/console.c,"static int cc_hide(const char **argv, int argc)
{
	console_close();
	return 0;
}
",2015-10-03 20:00:29 +0200,776," RIDE_TYPE_FLAG_SUPPORTS_MULTIPLE_TRACK_COLOUR = 1 << 31,                                                   ^"
200,openrct2/openrct2,8463e58922f445e2121feacfb5f9fede619094de,src/interface/console.c,"static int cc_hide(const char **argv, int argc)
{
	console_close();
	return 0;
}
",2015-10-03 20:00:29 +0200,97, GAME_COMMAND_FLAG_NETWORKED = (1 << 31) // Game command is coming from network                                  ^
201,openrct2/openrct2,8463e58922f445e2121feacfb5f9fede619094de,src/interface/console.c,"static int cc_hide(const char **argv, int argc)
{
	console_close();
	return 0;
}
",2015-10-03 20:00:29 +0200,280, PEEP_FLAGS_TWITCH = (1 << 31)  // Added for twitch integration                        ^
202,openrct2/openrct2,8463e58922f445e2121feacfb5f9fede619094de,src/interface/console.c,"static int cc_hide(const char **argv, int argc)
{
	console_close();
	return 0;
}
",2015-10-03 20:00:29 +0200,456," RIDE_ENTRY_FLAG_31 = 1 << 31, // 0x80000000                        ^"
203,openrct2/openrct2,8463e58922f445e2121feacfb5f9fede619094de,src/interface/console.c,"static int cc_hide(const char **argv, int argc)
{
	console_close();
	return 0;
}
",2015-10-03 20:00:29 +0200,776," RIDE_TYPE_FLAG_SUPPORTS_MULTIPLE_TRACK_COLOUR = 1 << 31,                                                   ^"
204,openrct2/openrct2,8463e58922f445e2121feacfb5f9fede619094de,src/interface/console.c,"static int cc_hide(const char **argv, int argc)
{
	console_close();
	return 0;
}
",2015-10-03 20:00:29 +0200,97, GAME_COMMAND_FLAG_NETWORKED = (1 << 31) // Game command is coming from network                                  ^
205,openrct2/openrct2,8463e58922f445e2121feacfb5f9fede619094de,src/interface/console.c,"static int cc_hide(const char **argv, int argc)
{
	console_close();
	return 0;
}
",2015-10-03 20:00:29 +0200,741,  utf8* last_char = path + strlen(path)
206,openrct2/openrct2,8463e58922f445e2121feacfb5f9fede619094de,src/interface/console.c,"static int cc_hide(const char **argv, int argc)
{
	console_close();
	return 0;
}
",2015-10-03 20:00:29 +0200,789,        scenerySetEntry = g_scenerySetEntries[entryGroupIndex]
207,openrct2/openrct2,8463e58922f445e2121feacfb5f9fede619094de,src/interface/console.c,"static int cc_hide(const char **argv, int argc)
{
	console_close();
	return 0;
}
",2015-10-03 20:00:29 +0200,992, bool inQuotes = false
208,openrct2/openrct2,7d0ce00baba5cb871d355f68ecd11f4cdd3cd893,src/interface/console.c,"static int cc_hide(const char **argv, int argc)console_close();return 0;",2015-10-20 20:48:51 +0200,72," CURSOR_RELEASED = CURSOR_UP | CURSOR_CHANGED,                             ^"
209,openrct2/openrct2,7d0ce00baba5cb871d355f68ecd11f4cdd3cd893,src/interface/console.c,"static int cc_hide(const char **argv, int argc)console_close();return 0;",2015-10-20 20:48:51 +0200,1022,"    argv = realloc(argv, argvCapacity * sizeof(utf8*))"
210,openrct2/openrct2,7d0ce00baba5cb871d355f68ecd11f4cdd3cd893,src/interface/console.c,"static int cc_hide(const char **argv, int argc)console_close();return 0;",2015-10-20 20:48:51 +0200,540, int i
211,openrct2/openrct2,7d0ce00baba5cb871d355f68ecd11f4cdd3cd893,src/interface/console.c,"static int cc_hide(const char **argv, int argc)console_close();return 0;",2015-10-20 20:48:51 +0200,772,        int rideType
212,openrct2/openrct2,7d0ce00baba5cb871d355f68ecd11f4cdd3cd893,src/interface/console.c,"static int cc_hide(const char **argv, int argc)console_close();return 0;",2015-10-20 20:48:51 +0200,280, PEEP_FLAGS_TWITCH = (1 << 31)  // Added for twitch integration                        ^
213,openrct2/openrct2,7d0ce00baba5cb871d355f68ecd11f4cdd3cd893,src/interface/console.c,"static int cc_hide(const char **argv, int argc)console_close();return 0;",2015-10-20 20:48:51 +0200,458," RIDE_ENTRY_FLAG_31 = 1 << 31, // 0x80000000                        ^"
214,openrct2/openrct2,7d0ce00baba5cb871d355f68ecd11f4cdd3cd893,src/interface/console.c,"static int cc_hide(const char **argv, int argc)console_close();return 0;",2015-10-20 20:48:51 +0200,778," RIDE_TYPE_FLAG_SUPPORTS_MULTIPLE_TRACK_COLOUR = 1 << 31,                                                   ^"
215,openrct2/openrct2,7d0ce00baba5cb871d355f68ecd11f4cdd3cd893,src/interface/console.c,"static int cc_hide(const char **argv, int argc)console_close();return 0;",2015-10-20 20:48:51 +0200,97, GAME_COMMAND_FLAG_NETWORKED = (1 << 31) // Game command is coming from network                                  ^
216,openrct2/openrct2,7d0ce00baba5cb871d355f68ecd11f4cdd3cd893,src/interface/console.c,"static int cc_hide(const char **argv, int argc)console_close();return 0;",2015-10-20 20:48:51 +0200,280, PEEP_FLAGS_TWITCH = (1 << 31)  // Added for twitch integration                        ^
217,openrct2/openrct2,7d0ce00baba5cb871d355f68ecd11f4cdd3cd893,src/interface/console.c,"static int cc_hide(const char **argv, int argc)console_close();return 0;",2015-10-20 20:48:51 +0200,458," RIDE_ENTRY_FLAG_31 = 1 << 31, // 0x80000000                        ^"
218,openrct2/openrct2,7d0ce00baba5cb871d355f68ecd11f4cdd3cd893,src/interface/console.c,"static int cc_hide(const char **argv, int argc)console_close();return 0;",2015-10-20 20:48:51 +0200,778," RIDE_TYPE_FLAG_SUPPORTS_MULTIPLE_TRACK_COLOUR = 1 << 31,                                                   ^"
219,openrct2/openrct2,7d0ce00baba5cb871d355f68ecd11f4cdd3cd893,src/interface/console.c,"static int cc_hide(const char **argv, int argc)console_close();return 0;",2015-10-20 20:48:51 +0200,97, GAME_COMMAND_FLAG_NETWORKED = (1 << 31) // Game command is coming from network                                  ^
220,openrct2/openrct2,7d0ce00baba5cb871d355f68ecd11f4cdd3cd893,src/interface/console.c,"static int cc_hide(const char **argv, int argc)console_close();return 0;",2015-10-20 20:48:51 +0200,741,  utf8* last_char = path + strlen(path)
221,openrct2/openrct2,7d0ce00baba5cb871d355f68ecd11f4cdd3cd893,src/interface/console.c,"static int cc_hide(const char **argv, int argc)console_close();return 0;",2015-10-20 20:48:51 +0200,789,        scenerySetEntry = g_scenerySetEntries[entryGroupIndex]
222,openrct2/openrct2,7d0ce00baba5cb871d355f68ecd11f4cdd3cd893,src/interface/console.c,"static int cc_hide(const char **argv, int argc)console_close();return 0;",2015-10-20 20:48:51 +0200,992, bool inQuotes = false
223,openrct2/openrct2,9284930d7ee46a057d4e347bbc1a584e38fe1695,src/interface/console.c,"static int cc_hide(const char **argv, int argc)
{
	console_close();
	return 0;
}
",2015-10-30 16:01:00 +0100,72," CURSOR_RELEASED = CURSOR_UP | CURSOR_CHANGED,                             ^"
224,openrct2/openrct2,9284930d7ee46a057d4e347bbc1a584e38fe1695,src/interface/console.c,"static int cc_hide(const char **argv, int argc)
{
	console_close();
	return 0;
}
",2015-10-30 16:01:00 +0100,1023,"    argv = realloc(argv, argvCapacity * sizeof(utf8*))"
225,openrct2/openrct2,9284930d7ee46a057d4e347bbc1a584e38fe1695,src/interface/console.c,"static int cc_hide(const char **argv, int argc)
{
	console_close();
	return 0;
}
",2015-10-30 16:01:00 +0100,541, int i
226,openrct2/openrct2,9284930d7ee46a057d4e347bbc1a584e38fe1695,src/interface/console.c,"static int cc_hide(const char **argv, int argc)
{
	console_close();
	return 0;
}
",2015-10-30 16:01:00 +0100,773,        int rideType
227,openrct2/openrct2,9284930d7ee46a057d4e347bbc1a584e38fe1695,src/interface/console.c,"static int cc_hide(const char **argv, int argc)
{
	console_close();
	return 0;
}
",2015-10-30 16:01:00 +0100,280, PEEP_FLAGS_TWITCH = (1 << 31)  // Added for twitch integration                        ^
228,openrct2/openrct2,9284930d7ee46a057d4e347bbc1a584e38fe1695,src/interface/console.c,"static int cc_hide(const char **argv, int argc)
{
	console_close();
	return 0;
}
",2015-10-30 16:01:00 +0100,412," RIDE_ENTRY_FLAG_31 = 1 << 31, // 0x80000000                        ^"
229,openrct2/openrct2,9284930d7ee46a057d4e347bbc1a584e38fe1695,src/interface/console.c,"static int cc_hide(const char **argv, int argc)
{
	console_close();
	return 0;
}
",2015-10-30 16:01:00 +0100,732," RIDE_TYPE_FLAG_SUPPORTS_MULTIPLE_TRACK_COLOUR = 1 << 31,                                                   ^"
230,openrct2/openrct2,9284930d7ee46a057d4e347bbc1a584e38fe1695,src/interface/console.c,"static int cc_hide(const char **argv, int argc)
{
	console_close();
	return 0;
}
",2015-10-30 16:01:00 +0100,97, GAME_COMMAND_FLAG_NETWORKED = (1 << 31) // Game command is coming from network                                  ^
231,openrct2/openrct2,9284930d7ee46a057d4e347bbc1a584e38fe1695,src/interface/console.c,"static int cc_hide(const char **argv, int argc)
{
	console_close();
	return 0;
}
",2015-10-30 16:01:00 +0100,280, PEEP_FLAGS_TWITCH = (1 << 31)  // Added for twitch integration                        ^
232,openrct2/openrct2,9284930d7ee46a057d4e347bbc1a584e38fe1695,src/interface/console.c,"static int cc_hide(const char **argv, int argc)
{
	console_close();
	return 0;
}
",2015-10-30 16:01:00 +0100,412," RIDE_ENTRY_FLAG_31 = 1 << 31, // 0x80000000                        ^"
233,openrct2/openrct2,9284930d7ee46a057d4e347bbc1a584e38fe1695,src/interface/console.c,"static int cc_hide(const char **argv, int argc)
{
	console_close();
	return 0;
}
",2015-10-30 16:01:00 +0100,732," RIDE_TYPE_FLAG_SUPPORTS_MULTIPLE_TRACK_COLOUR = 1 << 31,                                                   ^"
234,openrct2/openrct2,9284930d7ee46a057d4e347bbc1a584e38fe1695,src/interface/console.c,"static int cc_hide(const char **argv, int argc)
{
	console_close();
	return 0;
}
",2015-10-30 16:01:00 +0100,97, GAME_COMMAND_FLAG_NETWORKED = (1 << 31) // Game command is coming from network                                  ^
235,openrct2/openrct2,9284930d7ee46a057d4e347bbc1a584e38fe1695,src/interface/console.c,"static int cc_hide(const char **argv, int argc)
{
	console_close();
	return 0;
}
",2015-10-30 16:01:00 +0100,742,  utf8* last_char = path + strlen(path)
236,openrct2/openrct2,9284930d7ee46a057d4e347bbc1a584e38fe1695,src/interface/console.c,"static int cc_hide(const char **argv, int argc)
{
	console_close();
	return 0;
}
",2015-10-30 16:01:00 +0100,790,        scenerySetEntry = g_scenerySetEntries[entryGroupIndex]
237,openrct2/openrct2,9284930d7ee46a057d4e347bbc1a584e38fe1695,src/interface/console.c,"static int cc_hide(const char **argv, int argc)
{
	console_close();
	return 0;
}
",2015-10-30 16:01:00 +0100,993, bool inQuotes = false
238,openrct2/openrct2,0f9bc229b4bebb0030af94b847b0acabf42e865a,src/interface/console.c,"static int cc_hide(const char **argv, int argc)
{
	console_close();
	return 0;
}
",2015-11-01 23:33:02 +0100,72," CURSOR_RELEASED = CURSOR_UP | CURSOR_CHANGED,                             ^"
239,openrct2/openrct2,0f9bc229b4bebb0030af94b847b0acabf42e865a,src/interface/console.c,"static int cc_hide(const char **argv, int argc)
{
	console_close();
	return 0;
}
",2015-11-01 23:33:02 +0100,1023,"    argv = realloc(argv, argvCapacity * sizeof(utf8*))"
240,openrct2/openrct2,0f9bc229b4bebb0030af94b847b0acabf42e865a,src/interface/console.c,"static int cc_hide(const char **argv, int argc)
{
	console_close();
	return 0;
}
",2015-11-01 23:33:02 +0100,541, int i
241,openrct2/openrct2,0f9bc229b4bebb0030af94b847b0acabf42e865a,src/interface/console.c,"static int cc_hide(const char **argv, int argc)
{
	console_close();
	return 0;
}
",2015-11-01 23:33:02 +0100,773,        int rideType
242,openrct2/openrct2,0f9bc229b4bebb0030af94b847b0acabf42e865a,src/interface/console.c,"static int cc_hide(const char **argv, int argc)
{
	console_close();
	return 0;
}
",2015-11-01 23:33:02 +0100,280, PEEP_FLAGS_TWITCH = (1 << 31)  // Added for twitch integration                        ^
243,openrct2/openrct2,0f9bc229b4bebb0030af94b847b0acabf42e865a,src/interface/console.c,"static int cc_hide(const char **argv, int argc)
{
	console_close();
	return 0;
}
",2015-11-01 23:33:02 +0100,412," RIDE_ENTRY_FLAG_31 = 1 << 31, // 0x80000000                        ^"
244,openrct2/openrct2,0f9bc229b4bebb0030af94b847b0acabf42e865a,src/interface/console.c,"static int cc_hide(const char **argv, int argc)
{
	console_close();
	return 0;
}
",2015-11-01 23:33:02 +0100,732," RIDE_TYPE_FLAG_SUPPORTS_MULTIPLE_TRACK_COLOUR = 1 << 31,                                                   ^"
245,openrct2/openrct2,0f9bc229b4bebb0030af94b847b0acabf42e865a,src/interface/console.c,"static int cc_hide(const char **argv, int argc)
{
	console_close();
	return 0;
}
",2015-11-01 23:33:02 +0100,97, GAME_COMMAND_FLAG_NETWORKED = (1 << 31) // Game command is coming from network                                  ^
246,openrct2/openrct2,0f9bc229b4bebb0030af94b847b0acabf42e865a,src/interface/console.c,"static int cc_hide(const char **argv, int argc)
{
	console_close();
	return 0;
}
",2015-11-01 23:33:02 +0100,280, PEEP_FLAGS_TWITCH = (1 << 31)  // Added for twitch integration                        ^
247,openrct2/openrct2,0f9bc229b4bebb0030af94b847b0acabf42e865a,src/interface/console.c,"static int cc_hide(const char **argv, int argc)
{
	console_close();
	return 0;
}
",2015-11-01 23:33:02 +0100,412," RIDE_ENTRY_FLAG_31 = 1 << 31, // 0x80000000                        ^"
248,openrct2/openrct2,0f9bc229b4bebb0030af94b847b0acabf42e865a,src/interface/console.c,"static int cc_hide(const char **argv, int argc)
{
	console_close();
	return 0;
}
",2015-11-01 23:33:02 +0100,732," RIDE_TYPE_FLAG_SUPPORTS_MULTIPLE_TRACK_COLOUR = 1 << 31,                                                   ^"
249,openrct2/openrct2,0f9bc229b4bebb0030af94b847b0acabf42e865a,src/interface/console.c,"static int cc_hide(const char **argv, int argc)
{
	console_close();
	return 0;
}
",2015-11-01 23:33:02 +0100,97, GAME_COMMAND_FLAG_NETWORKED = (1 << 31) // Game command is coming from network                                  ^
250,openrct2/openrct2,0f9bc229b4bebb0030af94b847b0acabf42e865a,src/interface/console.c,"static int cc_hide(const char **argv, int argc)
{
	console_close();
	return 0;
}
",2015-11-01 23:33:02 +0100,742,  utf8* last_char = path + strlen(path)
251,openrct2/openrct2,0f9bc229b4bebb0030af94b847b0acabf42e865a,src/interface/console.c,"static int cc_hide(const char **argv, int argc)
{
	console_close();
	return 0;
}
",2015-11-01 23:33:02 +0100,790,        scenerySetEntry = g_scenerySetEntries[entryGroupIndex]
252,openrct2/openrct2,0f9bc229b4bebb0030af94b847b0acabf42e865a,src/interface/console.c,"static int cc_hide(const char **argv, int argc)
{
	console_close();
	return 0;
}
",2015-11-01 23:33:02 +0100,993, bool inQuotes = false
253,openrct2/openrct2,97fc78a50662516c61db383d2de2501b093df883,src/interface/console.c,"static int cc_hide(const char **argv, int argc)
{
	console_close();
	return 0;
}
",2015-11-15 08:45:50 +0000,72," CURSOR_RELEASED = CURSOR_UP | CURSOR_CHANGED,                             ^"
254,openrct2/openrct2,97fc78a50662516c61db383d2de2501b093df883,src/interface/console.c,"static int cc_hide(const char **argv, int argc)
{
	console_close();
	return 0;
}
",2015-11-15 08:45:50 +0000,1023,"    argv = realloc(argv, argvCapacity * sizeof(utf8*))"
255,openrct2/openrct2,97fc78a50662516c61db383d2de2501b093df883,src/interface/console.c,"static int cc_hide(const char **argv, int argc)
{
	console_close();
	return 0;
}
",2015-11-15 08:45:50 +0000,541, int i
256,openrct2/openrct2,97fc78a50662516c61db383d2de2501b093df883,src/interface/console.c,"static int cc_hide(const char **argv, int argc)
{
	console_close();
	return 0;
}
",2015-11-15 08:45:50 +0000,773,        int rideType
257,openrct2/openrct2,97fc78a50662516c61db383d2de2501b093df883,src/interface/console.c,"static int cc_hide(const char **argv, int argc)
{
	console_close();
	return 0;
}
",2015-11-15 08:45:50 +0000,280, PEEP_FLAGS_TWITCH = (1 << 31)  // Added for twitch integration                        ^
258,openrct2/openrct2,97fc78a50662516c61db383d2de2501b093df883,src/interface/console.c,"static int cc_hide(const char **argv, int argc)
{
	console_close();
	return 0;
}
",2015-11-15 08:45:50 +0000,412," RIDE_ENTRY_FLAG_31 = 1 << 31, // 0x80000000                        ^"
259,openrct2/openrct2,97fc78a50662516c61db383d2de2501b093df883,src/interface/console.c,"static int cc_hide(const char **argv, int argc)
{
	console_close();
	return 0;
}
",2015-11-15 08:45:50 +0000,732," RIDE_TYPE_FLAG_SUPPORTS_MULTIPLE_TRACK_COLOUR = 1 << 31,                                                   ^"
260,openrct2/openrct2,97fc78a50662516c61db383d2de2501b093df883,src/interface/console.c,"static int cc_hide(const char **argv, int argc)
{
	console_close();
	return 0;
}
",2015-11-15 08:45:50 +0000,101, GAME_COMMAND_FLAG_NETWORKED = (1 << 31) // Game command is coming from network                                  ^
261,openrct2/openrct2,97fc78a50662516c61db383d2de2501b093df883,src/interface/console.c,"static int cc_hide(const char **argv, int argc)
{
	console_close();
	return 0;
}
",2015-11-15 08:45:50 +0000,280, PEEP_FLAGS_TWITCH = (1 << 31)  // Added for twitch integration                        ^
262,openrct2/openrct2,97fc78a50662516c61db383d2de2501b093df883,src/interface/console.c,"static int cc_hide(const char **argv, int argc)
{
	console_close();
	return 0;
}
",2015-11-15 08:45:50 +0000,412," RIDE_ENTRY_FLAG_31 = 1 << 31, // 0x80000000                        ^"
263,openrct2/openrct2,97fc78a50662516c61db383d2de2501b093df883,src/interface/console.c,"static int cc_hide(const char **argv, int argc)
{
	console_close();
	return 0;
}
",2015-11-15 08:45:50 +0000,732," RIDE_TYPE_FLAG_SUPPORTS_MULTIPLE_TRACK_COLOUR = 1 << 31,                                                   ^"
264,openrct2/openrct2,97fc78a50662516c61db383d2de2501b093df883,src/interface/console.c,"static int cc_hide(const char **argv, int argc)
{
	console_close();
	return 0;
}
",2015-11-15 08:45:50 +0000,101, GAME_COMMAND_FLAG_NETWORKED = (1 << 31) // Game command is coming from network                                  ^
265,openrct2/openrct2,97fc78a50662516c61db383d2de2501b093df883,src/interface/console.c,"static int cc_hide(const char **argv, int argc)
{
	console_close();
	return 0;
}
",2015-11-15 08:45:50 +0000,742,  utf8* last_char = path + strlen(path)
266,openrct2/openrct2,97fc78a50662516c61db383d2de2501b093df883,src/interface/console.c,"static int cc_hide(const char **argv, int argc)
{
	console_close();
	return 0;
}
",2015-11-15 08:45:50 +0000,790,        scenerySetEntry = g_scenerySetEntries[entryGroupIndex]
267,openrct2/openrct2,97fc78a50662516c61db383d2de2501b093df883,src/interface/console.c,"static int cc_hide(const char **argv, int argc)
{
	console_close();
	return 0;
}
",2015-11-15 08:45:50 +0000,993, bool inQuotes = false
268,openrct2/openrct2,7bebbe52a5b19a833ba1ee534fcb7a2d201f73b8,src/interface/console.c,"static int cc_hide(const char **argv, int argc)
{
	console_close();
	return 0;
}
",2015-12-09 18:43:33 +0100,72," CURSOR_RELEASED = CURSOR_UP | CURSOR_CHANGED,                             ^"
269,openrct2/openrct2,7bebbe52a5b19a833ba1ee534fcb7a2d201f73b8,src/interface/console.c,"static int cc_hide(const char **argv, int argc)
{
	console_close();
	return 0;
}
",2015-12-09 18:43:33 +0100,1034,"    argv = realloc(argv, argvCapacity * sizeof(utf8*))"
270,openrct2/openrct2,7bebbe52a5b19a833ba1ee534fcb7a2d201f73b8,src/interface/console.c,"static int cc_hide(const char **argv, int argc)
{
	console_close();
	return 0;
}
",2015-12-09 18:43:33 +0100,544, int i
271,openrct2/openrct2,7bebbe52a5b19a833ba1ee534fcb7a2d201f73b8,src/interface/console.c,"static int cc_hide(const char **argv, int argc)
{
	console_close();
	return 0;
}
",2015-12-09 18:43:33 +0100,783,        int rideType
272,openrct2/openrct2,7bebbe52a5b19a833ba1ee534fcb7a2d201f73b8,src/interface/console.c,"static int cc_hide(const char **argv, int argc)
{
	console_close();
	return 0;
}
",2015-12-09 18:43:33 +0100,280, PEEP_FLAGS_TWITCH = (1 << 31)  // Added for twitch integration                        ^
273,openrct2/openrct2,7bebbe52a5b19a833ba1ee534fcb7a2d201f73b8,src/interface/console.c,"static int cc_hide(const char **argv, int argc)
{
	console_close();
	return 0;
}
",2015-12-09 18:43:33 +0100,412," RIDE_ENTRY_FLAG_31 = 1 << 31, // 0x80000000                        ^"
274,openrct2/openrct2,7bebbe52a5b19a833ba1ee534fcb7a2d201f73b8,src/interface/console.c,"static int cc_hide(const char **argv, int argc)
{
	console_close();
	return 0;
}
",2015-12-09 18:43:33 +0100,732," RIDE_TYPE_FLAG_SUPPORTS_MULTIPLE_TRACK_COLOUR = 1 << 31,                                                   ^"
275,openrct2/openrct2,7bebbe52a5b19a833ba1ee534fcb7a2d201f73b8,src/interface/console.c,"static int cc_hide(const char **argv, int argc)
{
	console_close();
	return 0;
}
",2015-12-09 18:43:33 +0100,101, GAME_COMMAND_FLAG_NETWORKED = (1 << 31) // Game command is coming from network                                  ^
276,openrct2/openrct2,7bebbe52a5b19a833ba1ee534fcb7a2d201f73b8,src/interface/console.c,"static int cc_hide(const char **argv, int argc)
{
	console_close();
	return 0;
}
",2015-12-09 18:43:33 +0100,280, PEEP_FLAGS_TWITCH = (1 << 31)  // Added for twitch integration                        ^
277,openrct2/openrct2,7bebbe52a5b19a833ba1ee534fcb7a2d201f73b8,src/interface/console.c,"static int cc_hide(const char **argv, int argc)
{
	console_close();
	return 0;
}
",2015-12-09 18:43:33 +0100,412," RIDE_ENTRY_FLAG_31 = 1 << 31, // 0x80000000                        ^"
278,openrct2/openrct2,7bebbe52a5b19a833ba1ee534fcb7a2d201f73b8,src/interface/console.c,"static int cc_hide(const char **argv, int argc)
{
	console_close();
	return 0;
}
",2015-12-09 18:43:33 +0100,732," RIDE_TYPE_FLAG_SUPPORTS_MULTIPLE_TRACK_COLOUR = 1 << 31,                                                   ^"
279,openrct2/openrct2,7bebbe52a5b19a833ba1ee534fcb7a2d201f73b8,src/interface/console.c,"static int cc_hide(const char **argv, int argc)
{
	console_close();
	return 0;
}
",2015-12-09 18:43:33 +0100,101, GAME_COMMAND_FLAG_NETWORKED = (1 << 31) // Game command is coming from network                                  ^
280,openrct2/openrct2,7bebbe52a5b19a833ba1ee534fcb7a2d201f73b8,src/interface/console.c,"static int cc_hide(const char **argv, int argc)
{
	console_close();
	return 0;
}
",2015-12-09 18:43:33 +0100,752,  utf8* last_char = path + strlen(path)
281,openrct2/openrct2,7bebbe52a5b19a833ba1ee534fcb7a2d201f73b8,src/interface/console.c,"static int cc_hide(const char **argv, int argc)
{
	console_close();
	return 0;
}
",2015-12-09 18:43:33 +0100,800,        scenerySetEntry = g_scenerySetEntries[entryGroupIndex]
282,openrct2/openrct2,7bebbe52a5b19a833ba1ee534fcb7a2d201f73b8,src/interface/console.c,"static int cc_hide(const char **argv, int argc)
{
	console_close();
	return 0;
}
",2015-12-09 18:43:33 +0100,1004, bool inQuotes = false
283,openrct2/openrct2,e61919565a1cebff88229471323202bedf5d76e7,src/interface/console.c,"static int cc_hide(const char **argv, int argc)
{
	console_close();
	return 0;
}
",2015-12-09 22:15:15 +0100,72," CURSOR_RELEASED = CURSOR_UP | CURSOR_CHANGED,                             ^"
284,openrct2/openrct2,e61919565a1cebff88229471323202bedf5d76e7,src/interface/console.c,"static int cc_hide(const char **argv, int argc)
{
	console_close();
	return 0;
}
",2015-12-09 22:15:15 +0100,1035,"    argv = realloc(argv, argvCapacity * sizeof(utf8*))"
285,openrct2/openrct2,e61919565a1cebff88229471323202bedf5d76e7,src/interface/console.c,"static int cc_hide(const char **argv, int argc)
{
	console_close();
	return 0;
}
",2015-12-09 22:15:15 +0100,544, int i
286,openrct2/openrct2,e61919565a1cebff88229471323202bedf5d76e7,src/interface/console.c,"static int cc_hide(const char **argv, int argc)
{
	console_close();
	return 0;
}
",2015-12-09 22:15:15 +0100,784,        int rideType
287,openrct2/openrct2,e61919565a1cebff88229471323202bedf5d76e7,src/interface/console.c,"static int cc_hide(const char **argv, int argc)
{
	console_close();
	return 0;
}
",2015-12-09 22:15:15 +0100,280, PEEP_FLAGS_TWITCH = (1 << 31)  // Added for twitch integration                        ^
288,openrct2/openrct2,e61919565a1cebff88229471323202bedf5d76e7,src/interface/console.c,"static int cc_hide(const char **argv, int argc)
{
	console_close();
	return 0;
}
",2015-12-09 22:15:15 +0100,412," RIDE_ENTRY_FLAG_31 = 1 << 31, // 0x80000000                        ^"
289,openrct2/openrct2,e61919565a1cebff88229471323202bedf5d76e7,src/interface/console.c,"static int cc_hide(const char **argv, int argc)
{
	console_close();
	return 0;
}
",2015-12-09 22:15:15 +0100,732," RIDE_TYPE_FLAG_SUPPORTS_MULTIPLE_TRACK_COLOUR = 1 << 31,                                                   ^"
290,openrct2/openrct2,e61919565a1cebff88229471323202bedf5d76e7,src/interface/console.c,"static int cc_hide(const char **argv, int argc)
{
	console_close();
	return 0;
}
",2015-12-09 22:15:15 +0100,101, GAME_COMMAND_FLAG_NETWORKED = (1 << 31) // Game command is coming from network                                  ^
291,openrct2/openrct2,e61919565a1cebff88229471323202bedf5d76e7,src/interface/console.c,"static int cc_hide(const char **argv, int argc)
{
	console_close();
	return 0;
}
",2015-12-09 22:15:15 +0100,280, PEEP_FLAGS_TWITCH = (1 << 31)  // Added for twitch integration                        ^
292,openrct2/openrct2,e61919565a1cebff88229471323202bedf5d76e7,src/interface/console.c,"static int cc_hide(const char **argv, int argc)
{
	console_close();
	return 0;
}
",2015-12-09 22:15:15 +0100,412," RIDE_ENTRY_FLAG_31 = 1 << 31, // 0x80000000                        ^"
293,openrct2/openrct2,e61919565a1cebff88229471323202bedf5d76e7,src/interface/console.c,"static int cc_hide(const char **argv, int argc)
{
	console_close();
	return 0;
}
",2015-12-09 22:15:15 +0100,732," RIDE_TYPE_FLAG_SUPPORTS_MULTIPLE_TRACK_COLOUR = 1 << 31,                                                   ^"
294,openrct2/openrct2,e61919565a1cebff88229471323202bedf5d76e7,src/interface/console.c,"static int cc_hide(const char **argv, int argc)
{
	console_close();
	return 0;
}
",2015-12-09 22:15:15 +0100,101, GAME_COMMAND_FLAG_NETWORKED = (1 << 31) // Game command is coming from network                                  ^
295,openrct2/openrct2,e61919565a1cebff88229471323202bedf5d76e7,src/interface/console.c,"static int cc_hide(const char **argv, int argc)
{
	console_close();
	return 0;
}
",2015-12-09 22:15:15 +0100,753,  utf8* last_char = path + strlen(path)
296,openrct2/openrct2,e61919565a1cebff88229471323202bedf5d76e7,src/interface/console.c,"static int cc_hide(const char **argv, int argc)
{
	console_close();
	return 0;
}
",2015-12-09 22:15:15 +0100,801,        scenerySetEntry = g_scenerySetEntries[entryGroupIndex]
297,openrct2/openrct2,e61919565a1cebff88229471323202bedf5d76e7,src/interface/console.c,"static int cc_hide(const char **argv, int argc)
{
	console_close();
	return 0;
}
",2015-12-09 22:15:15 +0100,1005, bool inQuotes = false
298,openrct2/openrct2,d2117e966ffa0395ab6fd422439d5b297f3dfb24,src/interface/console.c,"static int cc_hide(const char **argv, int argc)
{
	console_close();
	return 0;
}
",2015-12-11 00:15:17 +0100,72," CURSOR_RELEASED = CURSOR_UP | CURSOR_CHANGED,                             ^"
299,openrct2/openrct2,d2117e966ffa0395ab6fd422439d5b297f3dfb24,src/interface/console.c,"static int cc_hide(const char **argv, int argc)
{
	console_close();
	return 0;
}
",2015-12-11 00:15:17 +0100,1035,"    argv = realloc(argv, argvCapacity * sizeof(utf8*))"
300,openrct2/openrct2,d2117e966ffa0395ab6fd422439d5b297f3dfb24,src/interface/console.c,"static int cc_hide(const char **argv, int argc)
{
	console_close();
	return 0;
}
",2015-12-11 00:15:17 +0100,544, int i
301,openrct2/openrct2,d2117e966ffa0395ab6fd422439d5b297f3dfb24,src/interface/console.c,"static int cc_hide(const char **argv, int argc)
{
	console_close();
	return 0;
}
",2015-12-11 00:15:17 +0100,784,        int rideType
302,openrct2/openrct2,d2117e966ffa0395ab6fd422439d5b297f3dfb24,src/interface/console.c,"static int cc_hide(const char **argv, int argc)
{
	console_close();
	return 0;
}
",2015-12-11 00:15:17 +0100,280, PEEP_FLAGS_TWITCH = (1 << 31)  // Added for twitch integration                        ^
303,openrct2/openrct2,d2117e966ffa0395ab6fd422439d5b297f3dfb24,src/interface/console.c,"static int cc_hide(const char **argv, int argc)
{
	console_close();
	return 0;
}
",2015-12-11 00:15:17 +0100,412," RIDE_ENTRY_FLAG_31 = 1 << 31, // 0x80000000                        ^"
304,openrct2/openrct2,d2117e966ffa0395ab6fd422439d5b297f3dfb24,src/interface/console.c,"static int cc_hide(const char **argv, int argc)
{
	console_close();
	return 0;
}
",2015-12-11 00:15:17 +0100,732," RIDE_TYPE_FLAG_SUPPORTS_MULTIPLE_TRACK_COLOUR = 1 << 31,                                                   ^"
305,openrct2/openrct2,d2117e966ffa0395ab6fd422439d5b297f3dfb24,src/interface/console.c,"static int cc_hide(const char **argv, int argc)
{
	console_close();
	return 0;
}
",2015-12-11 00:15:17 +0100,101, GAME_COMMAND_FLAG_NETWORKED = (1 << 31) // Game command is coming from network                                  ^
306,openrct2/openrct2,d2117e966ffa0395ab6fd422439d5b297f3dfb24,src/interface/console.c,"static int cc_hide(const char **argv, int argc)
{
	console_close();
	return 0;
}
",2015-12-11 00:15:17 +0100,280, PEEP_FLAGS_TWITCH = (1 << 31)  // Added for twitch integration                        ^
307,openrct2/openrct2,d2117e966ffa0395ab6fd422439d5b297f3dfb24,src/interface/console.c,"static int cc_hide(const char **argv, int argc)
{
	console_close();
	return 0;
}
",2015-12-11 00:15:17 +0100,412," RIDE_ENTRY_FLAG_31 = 1 << 31, // 0x80000000                        ^"
308,openrct2/openrct2,d2117e966ffa0395ab6fd422439d5b297f3dfb24,src/interface/console.c,"static int cc_hide(const char **argv, int argc)
{
	console_close();
	return 0;
}
",2015-12-11 00:15:17 +0100,732," RIDE_TYPE_FLAG_SUPPORTS_MULTIPLE_TRACK_COLOUR = 1 << 31,                                                   ^"
309,openrct2/openrct2,d2117e966ffa0395ab6fd422439d5b297f3dfb24,src/interface/console.c,"static int cc_hide(const char **argv, int argc)
{
	console_close();
	return 0;
}
",2015-12-11 00:15:17 +0100,101, GAME_COMMAND_FLAG_NETWORKED = (1 << 31) // Game command is coming from network                                  ^
310,openrct2/openrct2,d2117e966ffa0395ab6fd422439d5b297f3dfb24,src/interface/console.c,"static int cc_hide(const char **argv, int argc)
{
	console_close();
	return 0;
}
",2015-12-11 00:15:17 +0100,753,  utf8* last_char = path + strlen(path)
311,openrct2/openrct2,d2117e966ffa0395ab6fd422439d5b297f3dfb24,src/interface/console.c,"static int cc_hide(const char **argv, int argc)
{
	console_close();
	return 0;
}
",2015-12-11 00:15:17 +0100,801,        scenerySetEntry = g_scenerySetEntries[entryGroupIndex]
312,openrct2/openrct2,d2117e966ffa0395ab6fd422439d5b297f3dfb24,src/interface/console.c,"static int cc_hide(const char **argv, int argc)
{
	console_close();
	return 0;
}
",2015-12-11 00:15:17 +0100,1005, bool inQuotes = false
313,openrct2/openrct2,85800997c2b7031cd15d9cab6f3f125292483c48,src/interface/console.c,"static int cc_hide(const char **argv, int argc)
{
	console_close();
	return 0;
}
",2015-12-21 03:11:38 -0600,82," CURSOR_RELEASED = CURSOR_UP | CURSOR_CHANGED,                             ^"
314,openrct2/openrct2,85800997c2b7031cd15d9cab6f3f125292483c48,src/interface/console.c,"static int cc_hide(const char **argv, int argc)
{
	console_close();
	return 0;
}
",2015-12-21 03:11:38 -0600,1035,"    argv = realloc(argv, argvCapacity * sizeof(utf8*))"
315,openrct2/openrct2,85800997c2b7031cd15d9cab6f3f125292483c48,src/interface/console.c,"static int cc_hide(const char **argv, int argc)
{
	console_close();
	return 0;
}
",2015-12-21 03:11:38 -0600,544, int i
316,openrct2/openrct2,85800997c2b7031cd15d9cab6f3f125292483c48,src/interface/console.c,"static int cc_hide(const char **argv, int argc)
{
	console_close();
	return 0;
}
",2015-12-21 03:11:38 -0600,784,        int rideType
317,openrct2/openrct2,85800997c2b7031cd15d9cab6f3f125292483c48,src/interface/console.c,"static int cc_hide(const char **argv, int argc)
{
	console_close();
	return 0;
}
",2015-12-21 03:11:38 -0600,280, PEEP_FLAGS_TWITCH = (1 << 31)  // Added for twitch integration                        ^
318,openrct2/openrct2,85800997c2b7031cd15d9cab6f3f125292483c48,src/interface/console.c,"static int cc_hide(const char **argv, int argc)
{
	console_close();
	return 0;
}
",2015-12-21 03:11:38 -0600,412," RIDE_ENTRY_FLAG_31 = 1 << 31, // 0x80000000                        ^"
319,openrct2/openrct2,85800997c2b7031cd15d9cab6f3f125292483c48,src/interface/console.c,"static int cc_hide(const char **argv, int argc)
{
	console_close();
	return 0;
}
",2015-12-21 03:11:38 -0600,732," RIDE_TYPE_FLAG_SUPPORTS_MULTIPLE_TRACK_COLOUR = 1 << 31,                                                   ^"
320,openrct2/openrct2,85800997c2b7031cd15d9cab6f3f125292483c48,src/interface/console.c,"static int cc_hide(const char **argv, int argc)
{
	console_close();
	return 0;
}
",2015-12-21 03:11:38 -0600,101, GAME_COMMAND_FLAG_NETWORKED = (1 << 31) // Game command is coming from network                                  ^
321,openrct2/openrct2,85800997c2b7031cd15d9cab6f3f125292483c48,src/interface/console.c,"static int cc_hide(const char **argv, int argc)
{
	console_close();
	return 0;
}
",2015-12-21 03:11:38 -0600,280, PEEP_FLAGS_TWITCH = (1 << 31)  // Added for twitch integration                        ^
322,openrct2/openrct2,85800997c2b7031cd15d9cab6f3f125292483c48,src/interface/console.c,"static int cc_hide(const char **argv, int argc)
{
	console_close();
	return 0;
}
",2015-12-21 03:11:38 -0600,412," RIDE_ENTRY_FLAG_31 = 1 << 31, // 0x80000000                        ^"
323,openrct2/openrct2,85800997c2b7031cd15d9cab6f3f125292483c48,src/interface/console.c,"static int cc_hide(const char **argv, int argc)
{
	console_close();
	return 0;
}
",2015-12-21 03:11:38 -0600,732," RIDE_TYPE_FLAG_SUPPORTS_MULTIPLE_TRACK_COLOUR = 1 << 31,                                                   ^"
324,openrct2/openrct2,85800997c2b7031cd15d9cab6f3f125292483c48,src/interface/console.c,"static int cc_hide(const char **argv, int argc)
{
	console_close();
	return 0;
}
",2015-12-21 03:11:38 -0600,101, GAME_COMMAND_FLAG_NETWORKED = (1 << 31) // Game command is coming from network                                  ^
325,openrct2/openrct2,85800997c2b7031cd15d9cab6f3f125292483c48,src/interface/console.c,"static int cc_hide(const char **argv, int argc)
{
	console_close();
	return 0;
}
",2015-12-21 03:11:38 -0600,753,  utf8* last_char = path + strlen(path)
326,openrct2/openrct2,85800997c2b7031cd15d9cab6f3f125292483c48,src/interface/console.c,"static int cc_hide(const char **argv, int argc)
{
	console_close();
	return 0;
}
",2015-12-21 03:11:38 -0600,801,        scenerySetEntry = g_scenerySetEntries[entryGroupIndex]
327,openrct2/openrct2,85800997c2b7031cd15d9cab6f3f125292483c48,src/interface/console.c,"static int cc_hide(const char **argv, int argc)
{
	console_close();
	return 0;
}
",2015-12-21 03:11:38 -0600,1005, bool inQuotes = false
328,openrct2/openrct2,2c5651614c83418f56b59f0ba3e6ed0b27fe0dbe,src/interface/console.c,"static int cc_hide(const char **argv, int argc)
{
	console_close();
	return 0;
}
",2015-12-23 00:40:36 +0900,82," CURSOR_RELEASED = CURSOR_UP | CURSOR_CHANGED,                             ^"
329,openrct2/openrct2,2c5651614c83418f56b59f0ba3e6ed0b27fe0dbe,src/interface/console.c,"static int cc_hide(const char **argv, int argc)
{
	console_close();
	return 0;
}
",2015-12-23 00:40:36 +0900,1035,"    argv = realloc(argv, argvCapacity * sizeof(utf8*))"
330,openrct2/openrct2,2c5651614c83418f56b59f0ba3e6ed0b27fe0dbe,src/interface/console.c,"static int cc_hide(const char **argv, int argc)
{
	console_close();
	return 0;
}
",2015-12-23 00:40:36 +0900,544, int i
331,openrct2/openrct2,2c5651614c83418f56b59f0ba3e6ed0b27fe0dbe,src/interface/console.c,"static int cc_hide(const char **argv, int argc)
{
	console_close();
	return 0;
}
",2015-12-23 00:40:36 +0900,784,        int rideType
332,openrct2/openrct2,2c5651614c83418f56b59f0ba3e6ed0b27fe0dbe,src/interface/console.c,"static int cc_hide(const char **argv, int argc)
{
	console_close();
	return 0;
}
",2015-12-23 00:40:36 +0900,280, PEEP_FLAGS_TWITCH = (1 << 31)  // Added for twitch integration                        ^
333,openrct2/openrct2,2c5651614c83418f56b59f0ba3e6ed0b27fe0dbe,src/interface/console.c,"static int cc_hide(const char **argv, int argc)
{
	console_close();
	return 0;
}
",2015-12-23 00:40:36 +0900,412," RIDE_ENTRY_FLAG_31 = 1 << 31, // 0x80000000                        ^"
334,openrct2/openrct2,2c5651614c83418f56b59f0ba3e6ed0b27fe0dbe,src/interface/console.c,"static int cc_hide(const char **argv, int argc)
{
	console_close();
	return 0;
}
",2015-12-23 00:40:36 +0900,732," RIDE_TYPE_FLAG_SUPPORTS_MULTIPLE_TRACK_COLOUR = 1 << 31,                                                   ^"
335,openrct2/openrct2,2c5651614c83418f56b59f0ba3e6ed0b27fe0dbe,src/interface/console.c,"static int cc_hide(const char **argv, int argc)
{
	console_close();
	return 0;
}
",2015-12-23 00:40:36 +0900,101, GAME_COMMAND_FLAG_NETWORKED = (1 << 31) // Game command is coming from network                                  ^
336,openrct2/openrct2,2c5651614c83418f56b59f0ba3e6ed0b27fe0dbe,src/interface/console.c,"static int cc_hide(const char **argv, int argc)
{
	console_close();
	return 0;
}
",2015-12-23 00:40:36 +0900,280, PEEP_FLAGS_TWITCH = (1 << 31)  // Added for twitch integration                        ^
337,openrct2/openrct2,2c5651614c83418f56b59f0ba3e6ed0b27fe0dbe,src/interface/console.c,"static int cc_hide(const char **argv, int argc)
{
	console_close();
	return 0;
}
",2015-12-23 00:40:36 +0900,412," RIDE_ENTRY_FLAG_31 = 1 << 31, // 0x80000000                        ^"
338,openrct2/openrct2,2c5651614c83418f56b59f0ba3e6ed0b27fe0dbe,src/interface/console.c,"static int cc_hide(const char **argv, int argc)
{
	console_close();
	return 0;
}
",2015-12-23 00:40:36 +0900,732," RIDE_TYPE_FLAG_SUPPORTS_MULTIPLE_TRACK_COLOUR = 1 << 31,                                                   ^"
339,openrct2/openrct2,2c5651614c83418f56b59f0ba3e6ed0b27fe0dbe,src/interface/console.c,"static int cc_hide(const char **argv, int argc)
{
	console_close();
	return 0;
}
",2015-12-23 00:40:36 +0900,101, GAME_COMMAND_FLAG_NETWORKED = (1 << 31) // Game command is coming from network                                  ^
340,openrct2/openrct2,2c5651614c83418f56b59f0ba3e6ed0b27fe0dbe,src/interface/console.c,"static int cc_hide(const char **argv, int argc)
{
	console_close();
	return 0;
}
",2015-12-23 00:40:36 +0900,753,  utf8* last_char = path + strlen(path)
341,openrct2/openrct2,2c5651614c83418f56b59f0ba3e6ed0b27fe0dbe,src/interface/console.c,"static int cc_hide(const char **argv, int argc)
{
	console_close();
	return 0;
}
",2015-12-23 00:40:36 +0900,801,        scenerySetEntry = g_scenerySetEntries[entryGroupIndex]
342,openrct2/openrct2,2c5651614c83418f56b59f0ba3e6ed0b27fe0dbe,src/interface/console.c,"static int cc_hide(const char **argv, int argc)
{
	console_close();
	return 0;
}
",2015-12-23 00:40:36 +0900,1005, bool inQuotes = false
343,openrct2/openrct2,6d5c96d0838a6d0ac191d8f08086e1c6da501766,src/interface/console.c,"static int cc_hide(const char **argv, int argc)
{
	console_close();
	return 0;
}
",2015-12-26 11:18:44 +0100,82," CURSOR_RELEASED = CURSOR_UP | CURSOR_CHANGED,                             ^"
344,openrct2/openrct2,6d5c96d0838a6d0ac191d8f08086e1c6da501766,src/interface/console.c,"static int cc_hide(const char **argv, int argc)
{
	console_close();
	return 0;
}
",2015-12-26 11:18:44 +0100,1035,"    argv = realloc(argv, argvCapacity * sizeof(utf8*))"
345,openrct2/openrct2,6d5c96d0838a6d0ac191d8f08086e1c6da501766,src/interface/console.c,"static int cc_hide(const char **argv, int argc)
{
	console_close();
	return 0;
}
",2015-12-26 11:18:44 +0100,544, int i
346,openrct2/openrct2,6d5c96d0838a6d0ac191d8f08086e1c6da501766,src/interface/console.c,"static int cc_hide(const char **argv, int argc)
{
	console_close();
	return 0;
}
",2015-12-26 11:18:44 +0100,784,        int rideType
347,openrct2/openrct2,6d5c96d0838a6d0ac191d8f08086e1c6da501766,src/interface/console.c,"static int cc_hide(const char **argv, int argc)
{
	console_close();
	return 0;
}
",2015-12-26 11:18:44 +0100,280, PEEP_FLAGS_TWITCH = (1 << 31)  // Added for twitch integration                        ^
348,openrct2/openrct2,6d5c96d0838a6d0ac191d8f08086e1c6da501766,src/interface/console.c,"static int cc_hide(const char **argv, int argc)
{
	console_close();
	return 0;
}
",2015-12-26 11:18:44 +0100,412," RIDE_ENTRY_FLAG_31 = 1 << 31, // 0x80000000                        ^"
349,openrct2/openrct2,6d5c96d0838a6d0ac191d8f08086e1c6da501766,src/interface/console.c,"static int cc_hide(const char **argv, int argc)
{
	console_close();
	return 0;
}
",2015-12-26 11:18:44 +0100,732," RIDE_TYPE_FLAG_SUPPORTS_MULTIPLE_TRACK_COLOUR = 1 << 31,                                                   ^"
350,openrct2/openrct2,6d5c96d0838a6d0ac191d8f08086e1c6da501766,src/interface/console.c,"static int cc_hide(const char **argv, int argc)
{
	console_close();
	return 0;
}
",2015-12-26 11:18:44 +0100,101, GAME_COMMAND_FLAG_NETWORKED = (1 << 31) // Game command is coming from network                                  ^
351,openrct2/openrct2,6d5c96d0838a6d0ac191d8f08086e1c6da501766,src/interface/console.c,"static int cc_hide(const char **argv, int argc)
{
	console_close();
	return 0;
}
",2015-12-26 11:18:44 +0100,280, PEEP_FLAGS_TWITCH = (1 << 31)  // Added for twitch integration                        ^
352,openrct2/openrct2,6d5c96d0838a6d0ac191d8f08086e1c6da501766,src/interface/console.c,"static int cc_hide(const char **argv, int argc)
{
	console_close();
	return 0;
}
",2015-12-26 11:18:44 +0100,412," RIDE_ENTRY_FLAG_31 = 1 << 31, // 0x80000000                        ^"
353,openrct2/openrct2,6d5c96d0838a6d0ac191d8f08086e1c6da501766,src/interface/console.c,"static int cc_hide(const char **argv, int argc)
{
	console_close();
	return 0;
}
",2015-12-26 11:18:44 +0100,732," RIDE_TYPE_FLAG_SUPPORTS_MULTIPLE_TRACK_COLOUR = 1 << 31,                                                   ^"
354,openrct2/openrct2,6d5c96d0838a6d0ac191d8f08086e1c6da501766,src/interface/console.c,"static int cc_hide(const char **argv, int argc)
{
	console_close();
	return 0;
}
",2015-12-26 11:18:44 +0100,101, GAME_COMMAND_FLAG_NETWORKED = (1 << 31) // Game command is coming from network                                  ^
355,openrct2/openrct2,6d5c96d0838a6d0ac191d8f08086e1c6da501766,src/interface/console.c,"static int cc_hide(const char **argv, int argc)
{
	console_close();
	return 0;
}
",2015-12-26 11:18:44 +0100,753,  utf8* last_char = path + strlen(path)
356,openrct2/openrct2,6d5c96d0838a6d0ac191d8f08086e1c6da501766,src/interface/console.c,"static int cc_hide(const char **argv, int argc)
{
	console_close();
	return 0;
}
",2015-12-26 11:18:44 +0100,801,        scenerySetEntry = g_scenerySetEntries[entryGroupIndex]
357,openrct2/openrct2,6d5c96d0838a6d0ac191d8f08086e1c6da501766,src/interface/console.c,"static int cc_hide(const char **argv, int argc)
{
	console_close();
	return 0;
}
",2015-12-26 11:18:44 +0100,1005, bool inQuotes = false
358,openrct2/openrct2,ae7da3e83027b185c2a16cbfde94fafae8ec8531,src/interface/console.c,"static int cc_hide(const char **argv, int argc)
{
	console_close();
	return 0;
}
",2015-12-30 08:57:43 -0800,83," CURSOR_RELEASED = CURSOR_UP | CURSOR_CHANGED,                             ^"
359,openrct2/openrct2,ae7da3e83027b185c2a16cbfde94fafae8ec8531,src/interface/console.c,"static int cc_hide(const char **argv, int argc)
{
	console_close();
	return 0;
}
",2015-12-30 08:57:43 -0800,1035,"    argv = realloc(argv, argvCapacity * sizeof(utf8*))"
360,openrct2/openrct2,ae7da3e83027b185c2a16cbfde94fafae8ec8531,src/interface/console.c,"static int cc_hide(const char **argv, int argc)
{
	console_close();
	return 0;
}
",2015-12-30 08:57:43 -0800,544, int i
361,openrct2/openrct2,ae7da3e83027b185c2a16cbfde94fafae8ec8531,src/interface/console.c,"static int cc_hide(const char **argv, int argc)
{
	console_close();
	return 0;
}
",2015-12-30 08:57:43 -0800,784,        int rideType
362,openrct2/openrct2,ae7da3e83027b185c2a16cbfde94fafae8ec8531,src/interface/console.c,"static int cc_hide(const char **argv, int argc)
{
	console_close();
	return 0;
}
",2015-12-30 08:57:43 -0800,280, PEEP_FLAGS_TWITCH = (1 << 31)  // Added for twitch integration                        ^
363,openrct2/openrct2,ae7da3e83027b185c2a16cbfde94fafae8ec8531,src/interface/console.c,"static int cc_hide(const char **argv, int argc)
{
	console_close();
	return 0;
}
",2015-12-30 08:57:43 -0800,406," RIDE_ENTRY_FLAG_31 = 1 << 31, // 0x80000000                        ^"
364,openrct2/openrct2,ae7da3e83027b185c2a16cbfde94fafae8ec8531,src/interface/console.c,"static int cc_hide(const char **argv, int argc)
{
	console_close();
	return 0;
}
",2015-12-30 08:57:43 -0800,726," RIDE_TYPE_FLAG_SUPPORTS_MULTIPLE_TRACK_COLOUR = 1 << 31,                                                   ^"
365,openrct2/openrct2,ae7da3e83027b185c2a16cbfde94fafae8ec8531,src/interface/console.c,"static int cc_hide(const char **argv, int argc)
{
	console_close();
	return 0;
}
",2015-12-30 08:57:43 -0800,101, GAME_COMMAND_FLAG_NETWORKED = (1 << 31) // Game command is coming from network                                  ^
366,openrct2/openrct2,ae7da3e83027b185c2a16cbfde94fafae8ec8531,src/interface/console.c,"static int cc_hide(const char **argv, int argc)
{
	console_close();
	return 0;
}
",2015-12-30 08:57:43 -0800,280, PEEP_FLAGS_TWITCH = (1 << 31)  // Added for twitch integration                        ^
367,openrct2/openrct2,ae7da3e83027b185c2a16cbfde94fafae8ec8531,src/interface/console.c,"static int cc_hide(const char **argv, int argc)
{
	console_close();
	return 0;
}
",2015-12-30 08:57:43 -0800,406," RIDE_ENTRY_FLAG_31 = 1 << 31, // 0x80000000                        ^"
368,openrct2/openrct2,ae7da3e83027b185c2a16cbfde94fafae8ec8531,src/interface/console.c,"static int cc_hide(const char **argv, int argc)
{
	console_close();
	return 0;
}
",2015-12-30 08:57:43 -0800,726," RIDE_TYPE_FLAG_SUPPORTS_MULTIPLE_TRACK_COLOUR = 1 << 31,                                                   ^"
369,openrct2/openrct2,ae7da3e83027b185c2a16cbfde94fafae8ec8531,src/interface/console.c,"static int cc_hide(const char **argv, int argc)
{
	console_close();
	return 0;
}
",2015-12-30 08:57:43 -0800,101, GAME_COMMAND_FLAG_NETWORKED = (1 << 31) // Game command is coming from network                                  ^
370,openrct2/openrct2,ae7da3e83027b185c2a16cbfde94fafae8ec8531,src/interface/console.c,"static int cc_hide(const char **argv, int argc)
{
	console_close();
	return 0;
}
",2015-12-30 08:57:43 -0800,753,  utf8* last_char = path + strlen(path)
371,openrct2/openrct2,ae7da3e83027b185c2a16cbfde94fafae8ec8531,src/interface/console.c,"static int cc_hide(const char **argv, int argc)
{
	console_close();
	return 0;
}
",2015-12-30 08:57:43 -0800,801,        scenerySetEntry = g_scenerySetEntries[entryGroupIndex]
372,openrct2/openrct2,ae7da3e83027b185c2a16cbfde94fafae8ec8531,src/interface/console.c,"static int cc_hide(const char **argv, int argc)
{
	console_close();
	return 0;
}
",2015-12-30 08:57:43 -0800,1005, bool inQuotes = false
373,openrct2/openrct2,ab38828e03d7fadba1ccda4ddec40ffb021718e3,src/interface/console.c,"static int cc_hide(const char **argv, int argc)
{
	console_close();
	return 0;
}
",2016-01-06 20:41:21 +0000,83," CURSOR_RELEASED = CURSOR_UP | CURSOR_CHANGED,                             ^"
374,openrct2/openrct2,ab38828e03d7fadba1ccda4ddec40ffb021718e3,src/interface/console.c,"static int cc_hide(const char **argv, int argc)
{
	console_close();
	return 0;
}
",2016-01-06 20:41:21 +0000,1035,"    argv = realloc(argv, argvCapacity * sizeof(utf8*))"
375,openrct2/openrct2,ab38828e03d7fadba1ccda4ddec40ffb021718e3,src/interface/console.c,"static int cc_hide(const char **argv, int argc)
{
	console_close();
	return 0;
}
",2016-01-06 20:41:21 +0000,544, int i
376,openrct2/openrct2,ab38828e03d7fadba1ccda4ddec40ffb021718e3,src/interface/console.c,"static int cc_hide(const char **argv, int argc)
{
	console_close();
	return 0;
}
",2016-01-06 20:41:21 +0000,784,        int rideType
377,openrct2/openrct2,ab38828e03d7fadba1ccda4ddec40ffb021718e3,src/interface/console.c,"static int cc_hide(const char **argv, int argc)
{
	console_close();
	return 0;
}
",2016-01-06 20:41:21 +0000,280, PEEP_FLAGS_TWITCH = (1 << 31)  // Added for twitch integration                        ^
378,openrct2/openrct2,ab38828e03d7fadba1ccda4ddec40ffb021718e3,src/interface/console.c,"static int cc_hide(const char **argv, int argc)
{
	console_close();
	return 0;
}
",2016-01-06 20:41:21 +0000,406," RIDE_ENTRY_FLAG_31 = 1 << 31, // 0x80000000                        ^"
379,openrct2/openrct2,ab38828e03d7fadba1ccda4ddec40ffb021718e3,src/interface/console.c,"static int cc_hide(const char **argv, int argc)
{
	console_close();
	return 0;
}
",2016-01-06 20:41:21 +0000,726," RIDE_TYPE_FLAG_SUPPORTS_MULTIPLE_TRACK_COLOUR = 1 << 31,                                                   ^"
380,openrct2/openrct2,ab38828e03d7fadba1ccda4ddec40ffb021718e3,src/interface/console.c,"static int cc_hide(const char **argv, int argc)
{
	console_close();
	return 0;
}
",2016-01-06 20:41:21 +0000,101, GAME_COMMAND_FLAG_NETWORKED = (1 << 31) // Game command is coming from network                                  ^
381,openrct2/openrct2,ab38828e03d7fadba1ccda4ddec40ffb021718e3,src/interface/console.c,"static int cc_hide(const char **argv, int argc)
{
	console_close();
	return 0;
}
",2016-01-06 20:41:21 +0000,280, PEEP_FLAGS_TWITCH = (1 << 31)  // Added for twitch integration                        ^
382,openrct2/openrct2,ab38828e03d7fadba1ccda4ddec40ffb021718e3,src/interface/console.c,"static int cc_hide(const char **argv, int argc)
{
	console_close();
	return 0;
}
",2016-01-06 20:41:21 +0000,406," RIDE_ENTRY_FLAG_31 = 1 << 31, // 0x80000000                        ^"
383,openrct2/openrct2,ab38828e03d7fadba1ccda4ddec40ffb021718e3,src/interface/console.c,"static int cc_hide(const char **argv, int argc)
{
	console_close();
	return 0;
}
",2016-01-06 20:41:21 +0000,726," RIDE_TYPE_FLAG_SUPPORTS_MULTIPLE_TRACK_COLOUR = 1 << 31,                                                   ^"
384,openrct2/openrct2,ab38828e03d7fadba1ccda4ddec40ffb021718e3,src/interface/console.c,"static int cc_hide(const char **argv, int argc)
{
	console_close();
	return 0;
}
",2016-01-06 20:41:21 +0000,101, GAME_COMMAND_FLAG_NETWORKED = (1 << 31) // Game command is coming from network                                  ^
385,openrct2/openrct2,ab38828e03d7fadba1ccda4ddec40ffb021718e3,src/interface/console.c,"static int cc_hide(const char **argv, int argc)
{
	console_close();
	return 0;
}
",2016-01-06 20:41:21 +0000,753,  utf8* last_char = path + strlen(path)
386,openrct2/openrct2,ab38828e03d7fadba1ccda4ddec40ffb021718e3,src/interface/console.c,"static int cc_hide(const char **argv, int argc)
{
	console_close();
	return 0;
}
",2016-01-06 20:41:21 +0000,801,        scenerySetEntry = g_scenerySetEntries[entryGroupIndex]
387,openrct2/openrct2,ab38828e03d7fadba1ccda4ddec40ffb021718e3,src/interface/console.c,"static int cc_hide(const char **argv, int argc)
{
	console_close();
	return 0;
}
",2016-01-06 20:41:21 +0000,1005, bool inQuotes = false
388,openrct2/openrct2,40a4bd1fa85ed043b9535bc3dc58b2f2a9e9df48,src/interface/console.c,"static int cc_hide(const char **argv, int argc)
{
	console_close();
	return 0;
}
",2016-01-07 19:01:19 +0000,83," CURSOR_RELEASED = CURSOR_UP | CURSOR_CHANGED,                             ^"
389,openrct2/openrct2,40a4bd1fa85ed043b9535bc3dc58b2f2a9e9df48,src/interface/console.c,"static int cc_hide(const char **argv, int argc)
{
	console_close();
	return 0;
}
",2016-01-07 19:01:19 +0000,1035,"    argv = realloc(argv, argvCapacity * sizeof(utf8*))"
390,openrct2/openrct2,40a4bd1fa85ed043b9535bc3dc58b2f2a9e9df48,src/interface/console.c,"static int cc_hide(const char **argv, int argc)
{
	console_close();
	return 0;
}
",2016-01-07 19:01:19 +0000,544, int i
391,openrct2/openrct2,40a4bd1fa85ed043b9535bc3dc58b2f2a9e9df48,src/interface/console.c,"static int cc_hide(const char **argv, int argc)
{
	console_close();
	return 0;
}
",2016-01-07 19:01:19 +0000,784,        int rideType
392,openrct2/openrct2,40a4bd1fa85ed043b9535bc3dc58b2f2a9e9df48,src/interface/console.c,"static int cc_hide(const char **argv, int argc)
{
	console_close();
	return 0;
}
",2016-01-07 19:01:19 +0000,280, PEEP_FLAGS_TWITCH = (1 << 31)  // Added for twitch integration                        ^
393,openrct2/openrct2,40a4bd1fa85ed043b9535bc3dc58b2f2a9e9df48,src/interface/console.c,"static int cc_hide(const char **argv, int argc)
{
	console_close();
	return 0;
}
",2016-01-07 19:01:19 +0000,406," RIDE_ENTRY_FLAG_31 = 1 << 31, // 0x80000000                        ^"
394,openrct2/openrct2,40a4bd1fa85ed043b9535bc3dc58b2f2a9e9df48,src/interface/console.c,"static int cc_hide(const char **argv, int argc)
{
	console_close();
	return 0;
}
",2016-01-07 19:01:19 +0000,726," RIDE_TYPE_FLAG_SUPPORTS_MULTIPLE_TRACK_COLOUR = 1 << 31,                                                   ^"
395,openrct2/openrct2,40a4bd1fa85ed043b9535bc3dc58b2f2a9e9df48,src/interface/console.c,"static int cc_hide(const char **argv, int argc)
{
	console_close();
	return 0;
}
",2016-01-07 19:01:19 +0000,101, GAME_COMMAND_FLAG_NETWORKED = (1 << 31) // Game command is coming from network                                  ^
396,openrct2/openrct2,40a4bd1fa85ed043b9535bc3dc58b2f2a9e9df48,src/interface/console.c,"static int cc_hide(const char **argv, int argc)
{
	console_close();
	return 0;
}
",2016-01-07 19:01:19 +0000,280, PEEP_FLAGS_TWITCH = (1 << 31)  // Added for twitch integration                        ^
397,openrct2/openrct2,40a4bd1fa85ed043b9535bc3dc58b2f2a9e9df48,src/interface/console.c,"static int cc_hide(const char **argv, int argc)
{
	console_close();
	return 0;
}
",2016-01-07 19:01:19 +0000,406," RIDE_ENTRY_FLAG_31 = 1 << 31, // 0x80000000                        ^"
398,openrct2/openrct2,40a4bd1fa85ed043b9535bc3dc58b2f2a9e9df48,src/interface/console.c,"static int cc_hide(const char **argv, int argc)
{
	console_close();
	return 0;
}
",2016-01-07 19:01:19 +0000,726," RIDE_TYPE_FLAG_SUPPORTS_MULTIPLE_TRACK_COLOUR = 1 << 31,                                                   ^"
399,openrct2/openrct2,40a4bd1fa85ed043b9535bc3dc58b2f2a9e9df48,src/interface/console.c,"static int cc_hide(const char **argv, int argc)
{
	console_close();
	return 0;
}
",2016-01-07 19:01:19 +0000,101, GAME_COMMAND_FLAG_NETWORKED = (1 << 31) // Game command is coming from network                                  ^
400,openrct2/openrct2,40a4bd1fa85ed043b9535bc3dc58b2f2a9e9df48,src/interface/console.c,"static int cc_hide(const char **argv, int argc)
{
	console_close();
	return 0;
}
",2016-01-07 19:01:19 +0000,753,  utf8* last_char = path + strlen(path)
401,openrct2/openrct2,40a4bd1fa85ed043b9535bc3dc58b2f2a9e9df48,src/interface/console.c,"static int cc_hide(const char **argv, int argc)
{
	console_close();
	return 0;
}
",2016-01-07 19:01:19 +0000,801,        scenerySetEntry = g_scenerySetEntries[entryGroupIndex]
402,openrct2/openrct2,40a4bd1fa85ed043b9535bc3dc58b2f2a9e9df48,src/interface/console.c,"static int cc_hide(const char **argv, int argc)
{
	console_close();
	return 0;
}
",2016-01-07 19:01:19 +0000,1005, bool inQuotes = false
403,openrct2/openrct2,6d6f9f3c23dc45b77376312f825b08a4aa4f68e1,src/interface/console.c,"static int cc_hide(const char **argv, int argc)
{
	console_close();
	return 0;
}
",2016-01-23 01:13:36 +0100,84," CURSOR_RELEASED = CURSOR_UP | CURSOR_CHANGED,                             ^"
404,openrct2/openrct2,6d6f9f3c23dc45b77376312f825b08a4aa4f68e1,src/interface/console.c,"static int cc_hide(const char **argv, int argc)
{
	console_close();
	return 0;
}
",2016-01-23 01:13:36 +0100,1035,"    argv = realloc(argv, argvCapacity * sizeof(utf8*))"
405,openrct2/openrct2,6d6f9f3c23dc45b77376312f825b08a4aa4f68e1,src/interface/console.c,"static int cc_hide(const char **argv, int argc)
{
	console_close();
	return 0;
}
",2016-01-23 01:13:36 +0100,544, int i
406,openrct2/openrct2,6d6f9f3c23dc45b77376312f825b08a4aa4f68e1,src/interface/console.c,"static int cc_hide(const char **argv, int argc)
{
	console_close();
	return 0;
}
",2016-01-23 01:13:36 +0100,784,        int rideType
407,openrct2/openrct2,6d6f9f3c23dc45b77376312f825b08a4aa4f68e1,src/interface/console.c,"static int cc_hide(const char **argv, int argc)
{
	console_close();
	return 0;
}
",2016-01-23 01:13:36 +0100,281, PEEP_FLAGS_TWITCH = (1 << 31)  // Added for twitch integration                        ^
408,openrct2/openrct2,6d6f9f3c23dc45b77376312f825b08a4aa4f68e1,src/interface/console.c,"static int cc_hide(const char **argv, int argc)
{
	console_close();
	return 0;
}
",2016-01-23 01:13:36 +0100,426," RIDE_ENTRY_FLAG_31 = 1 << 31, // 0x80000000                        ^"
409,openrct2/openrct2,6d6f9f3c23dc45b77376312f825b08a4aa4f68e1,src/interface/console.c,"static int cc_hide(const char **argv, int argc)
{
	console_close();
	return 0;
}
",2016-01-23 01:13:36 +0100,757," RIDE_TYPE_FLAG_SUPPORTS_MULTIPLE_TRACK_COLOUR = 1 << 31,                                                   ^"
410,openrct2/openrct2,6d6f9f3c23dc45b77376312f825b08a4aa4f68e1,src/interface/console.c,"static int cc_hide(const char **argv, int argc)
{
	console_close();
	return 0;
}
",2016-01-23 01:13:36 +0100,101, GAME_COMMAND_FLAG_NETWORKED = (1 << 31) // Game command is coming from network                                  ^
411,openrct2/openrct2,6d6f9f3c23dc45b77376312f825b08a4aa4f68e1,src/interface/console.c,"static int cc_hide(const char **argv, int argc)
{
	console_close();
	return 0;
}
",2016-01-23 01:13:36 +0100,281, PEEP_FLAGS_TWITCH = (1 << 31)  // Added for twitch integration                        ^
412,openrct2/openrct2,6d6f9f3c23dc45b77376312f825b08a4aa4f68e1,src/interface/console.c,"static int cc_hide(const char **argv, int argc)
{
	console_close();
	return 0;
}
",2016-01-23 01:13:36 +0100,426," RIDE_ENTRY_FLAG_31 = 1 << 31, // 0x80000000                        ^"
413,openrct2/openrct2,6d6f9f3c23dc45b77376312f825b08a4aa4f68e1,src/interface/console.c,"static int cc_hide(const char **argv, int argc)
{
	console_close();
	return 0;
}
",2016-01-23 01:13:36 +0100,757," RIDE_TYPE_FLAG_SUPPORTS_MULTIPLE_TRACK_COLOUR = 1 << 31,                                                   ^"
414,openrct2/openrct2,6d6f9f3c23dc45b77376312f825b08a4aa4f68e1,src/interface/console.c,"static int cc_hide(const char **argv, int argc)
{
	console_close();
	return 0;
}
",2016-01-23 01:13:36 +0100,101, GAME_COMMAND_FLAG_NETWORKED = (1 << 31) // Game command is coming from network                                  ^
415,openrct2/openrct2,6d6f9f3c23dc45b77376312f825b08a4aa4f68e1,src/interface/console.c,"static int cc_hide(const char **argv, int argc)
{
	console_close();
	return 0;
}
",2016-01-23 01:13:36 +0100,753,  utf8* last_char = path + strlen(path)
416,openrct2/openrct2,6d6f9f3c23dc45b77376312f825b08a4aa4f68e1,src/interface/console.c,"static int cc_hide(const char **argv, int argc)
{
	console_close();
	return 0;
}
",2016-01-23 01:13:36 +0100,801,        scenerySetEntry = g_scenerySetEntries[entryGroupIndex]
417,openrct2/openrct2,6d6f9f3c23dc45b77376312f825b08a4aa4f68e1,src/interface/console.c,"static int cc_hide(const char **argv, int argc)
{
	console_close();
	return 0;
}
",2016-01-23 01:13:36 +0100,1005, bool inQuotes = false
418,openrct2/openrct2,14bff0c66f285196db32b150e9c2e7ff75add04a,src/interface/console.c,"static int cc_hide(const char **argv, int argc)
{
	console_close();
	return 0;
}
",2016-02-25 13:33:19 +0100,84," CURSOR_RELEASED = CURSOR_UP | CURSOR_CHANGED,                             ^"
419,openrct2/openrct2,14bff0c66f285196db32b150e9c2e7ff75add04a,src/interface/console.c,"static int cc_hide(const char **argv, int argc)
{
	console_close();
	return 0;
}
",2016-02-25 13:33:19 +0100,1035,"    argv = realloc(argv, argvCapacity * sizeof(utf8*))"
420,openrct2/openrct2,14bff0c66f285196db32b150e9c2e7ff75add04a,src/interface/console.c,"static int cc_hide(const char **argv, int argc)
{
	console_close();
	return 0;
}
",2016-02-25 13:33:19 +0100,544, int i
421,openrct2/openrct2,14bff0c66f285196db32b150e9c2e7ff75add04a,src/interface/console.c,"static int cc_hide(const char **argv, int argc)
{
	console_close();
	return 0;
}
",2016-02-25 13:33:19 +0100,784,        int rideType
422,openrct2/openrct2,14bff0c66f285196db32b150e9c2e7ff75add04a,src/interface/console.c,"static int cc_hide(const char **argv, int argc)
{
	console_close();
	return 0;
}
",2016-02-25 13:33:19 +0100,282, PEEP_FLAGS_TWITCH = (1 << 31)  // Added for twitch integration                        ^
423,openrct2/openrct2,14bff0c66f285196db32b150e9c2e7ff75add04a,src/interface/console.c,"static int cc_hide(const char **argv, int argc)
{
	console_close();
	return 0;
}
",2016-02-25 13:33:19 +0100,421," RIDE_ENTRY_FLAG_31 = 1 << 31, // 0x80000000                        ^"
424,openrct2/openrct2,14bff0c66f285196db32b150e9c2e7ff75add04a,src/interface/console.c,"static int cc_hide(const char **argv, int argc)
{
	console_close();
	return 0;
}
",2016-02-25 13:33:19 +0100,760," RIDE_TYPE_FLAG_SUPPORTS_MULTIPLE_TRACK_COLOUR = 1 << 31,                                                   ^"
425,openrct2/openrct2,14bff0c66f285196db32b150e9c2e7ff75add04a,src/interface/console.c,"static int cc_hide(const char **argv, int argc)
{
	console_close();
	return 0;
}
",2016-02-25 13:33:19 +0100,105, GAME_COMMAND_FLAG_NETWORKED = (1 << 31) // Game command is coming from network                                  ^
426,openrct2/openrct2,14bff0c66f285196db32b150e9c2e7ff75add04a,src/interface/console.c,"static int cc_hide(const char **argv, int argc)
{
	console_close();
	return 0;
}
",2016-02-25 13:33:19 +0100,282, PEEP_FLAGS_TWITCH = (1 << 31)  // Added for twitch integration                        ^
427,openrct2/openrct2,14bff0c66f285196db32b150e9c2e7ff75add04a,src/interface/console.c,"static int cc_hide(const char **argv, int argc)
{
	console_close();
	return 0;
}
",2016-02-25 13:33:19 +0100,421," RIDE_ENTRY_FLAG_31 = 1 << 31, // 0x80000000                        ^"
428,openrct2/openrct2,14bff0c66f285196db32b150e9c2e7ff75add04a,src/interface/console.c,"static int cc_hide(const char **argv, int argc)
{
	console_close();
	return 0;
}
",2016-02-25 13:33:19 +0100,760," RIDE_TYPE_FLAG_SUPPORTS_MULTIPLE_TRACK_COLOUR = 1 << 31,                                                   ^"
429,openrct2/openrct2,14bff0c66f285196db32b150e9c2e7ff75add04a,src/interface/console.c,"static int cc_hide(const char **argv, int argc)
{
	console_close();
	return 0;
}
",2016-02-25 13:33:19 +0100,105, GAME_COMMAND_FLAG_NETWORKED = (1 << 31) // Game command is coming from network                                  ^
430,openrct2/openrct2,14bff0c66f285196db32b150e9c2e7ff75add04a,src/interface/console.c,"static int cc_hide(const char **argv, int argc)
{
	console_close();
	return 0;
}
",2016-02-25 13:33:19 +0100,753,  utf8* last_char = path + strlen(path)
431,openrct2/openrct2,14bff0c66f285196db32b150e9c2e7ff75add04a,src/interface/console.c,"static int cc_hide(const char **argv, int argc)
{
	console_close();
	return 0;
}
",2016-02-25 13:33:19 +0100,801,        scenerySetEntry = g_scenerySetEntries[entryGroupIndex]
432,openrct2/openrct2,14bff0c66f285196db32b150e9c2e7ff75add04a,src/interface/console.c,"static int cc_hide(const char **argv, int argc)
{
	console_close();
	return 0;
}
",2016-02-25 13:33:19 +0100,1005, bool inQuotes = false
433,openrct2/openrct2,66e406ab75f7dbf93d44b5c6ee18619fdef4b7f3,src/interface/console.c,"static int cc_hide(const char **argv, int argc)
{
	console_close();
	return 0;
}
",2016-02-29 21:33:46 -0700,84," CURSOR_RELEASED = CURSOR_UP | CURSOR_CHANGED,                             ^"
434,openrct2/openrct2,66e406ab75f7dbf93d44b5c6ee18619fdef4b7f3,src/interface/console.c,"static int cc_hide(const char **argv, int argc)
{
	console_close();
	return 0;
}
",2016-02-29 21:33:46 -0700,1035,"    argv = realloc(argv, argvCapacity * sizeof(utf8*))"
435,openrct2/openrct2,66e406ab75f7dbf93d44b5c6ee18619fdef4b7f3,src/interface/console.c,"static int cc_hide(const char **argv, int argc)
{
	console_close();
	return 0;
}
",2016-02-29 21:33:46 -0700,544, int i
436,openrct2/openrct2,66e406ab75f7dbf93d44b5c6ee18619fdef4b7f3,src/interface/console.c,"static int cc_hide(const char **argv, int argc)
{
	console_close();
	return 0;
}
",2016-02-29 21:33:46 -0700,784,        int rideType
437,openrct2/openrct2,66e406ab75f7dbf93d44b5c6ee18619fdef4b7f3,src/interface/console.c,"static int cc_hide(const char **argv, int argc)
{
	console_close();
	return 0;
}
",2016-02-29 21:33:46 -0700,282, PEEP_FLAGS_TWITCH = (1 << 31)  // Added for twitch integration                        ^
438,openrct2/openrct2,66e406ab75f7dbf93d44b5c6ee18619fdef4b7f3,src/interface/console.c,"static int cc_hide(const char **argv, int argc)
{
	console_close();
	return 0;
}
",2016-02-29 21:33:46 -0700,426," RIDE_ENTRY_FLAG_31 = 1 << 31, // 0x80000000                        ^"
439,openrct2/openrct2,66e406ab75f7dbf93d44b5c6ee18619fdef4b7f3,src/interface/console.c,"static int cc_hide(const char **argv, int argc)
{
	console_close();
	return 0;
}
",2016-02-29 21:33:46 -0700,765," RIDE_TYPE_FLAG_SUPPORTS_MULTIPLE_TRACK_COLOUR = 1 << 31,                                                   ^"
440,openrct2/openrct2,66e406ab75f7dbf93d44b5c6ee18619fdef4b7f3,src/interface/console.c,"static int cc_hide(const char **argv, int argc)
{
	console_close();
	return 0;
}
",2016-02-29 21:33:46 -0700,105, GAME_COMMAND_FLAG_NETWORKED = (1 << 31) // Game command is coming from network                                  ^
441,openrct2/openrct2,66e406ab75f7dbf93d44b5c6ee18619fdef4b7f3,src/interface/console.c,"static int cc_hide(const char **argv, int argc)
{
	console_close();
	return 0;
}
",2016-02-29 21:33:46 -0700,282, PEEP_FLAGS_TWITCH = (1 << 31)  // Added for twitch integration                        ^
442,openrct2/openrct2,66e406ab75f7dbf93d44b5c6ee18619fdef4b7f3,src/interface/console.c,"static int cc_hide(const char **argv, int argc)
{
	console_close();
	return 0;
}
",2016-02-29 21:33:46 -0700,426," RIDE_ENTRY_FLAG_31 = 1 << 31, // 0x80000000                        ^"
443,openrct2/openrct2,66e406ab75f7dbf93d44b5c6ee18619fdef4b7f3,src/interface/console.c,"static int cc_hide(const char **argv, int argc)
{
	console_close();
	return 0;
}
",2016-02-29 21:33:46 -0700,765," RIDE_TYPE_FLAG_SUPPORTS_MULTIPLE_TRACK_COLOUR = 1 << 31,                                                   ^"
444,openrct2/openrct2,66e406ab75f7dbf93d44b5c6ee18619fdef4b7f3,src/interface/console.c,"static int cc_hide(const char **argv, int argc)
{
	console_close();
	return 0;
}
",2016-02-29 21:33:46 -0700,105, GAME_COMMAND_FLAG_NETWORKED = (1 << 31) // Game command is coming from network                                  ^
445,openrct2/openrct2,66e406ab75f7dbf93d44b5c6ee18619fdef4b7f3,src/interface/console.c,"static int cc_hide(const char **argv, int argc)
{
	console_close();
	return 0;
}
",2016-02-29 21:33:46 -0700,753,  utf8* last_char = path + strlen(path)
446,openrct2/openrct2,66e406ab75f7dbf93d44b5c6ee18619fdef4b7f3,src/interface/console.c,"static int cc_hide(const char **argv, int argc)
{
	console_close();
	return 0;
}
",2016-02-29 21:33:46 -0700,801,        scenerySetEntry = g_scenerySetEntries[entryGroupIndex]
447,openrct2/openrct2,66e406ab75f7dbf93d44b5c6ee18619fdef4b7f3,src/interface/console.c,"static int cc_hide(const char **argv, int argc)
{
	console_close();
	return 0;
}
",2016-02-29 21:33:46 -0700,1005, bool inQuotes = false
448,openrct2/openrct2,1daa6576575f9a1fbef321236c0368396b5ff3df,src/interface/console.c,"static int cc_hide(const char **argv, int argc)
{
	console_close();
	return 0;
}
",2016-03-10 18:48:00 +0000,85," CURSOR_RELEASED = CURSOR_UP | CURSOR_CHANGED,                             ^"
449,openrct2/openrct2,1daa6576575f9a1fbef321236c0368396b5ff3df,src/interface/console.c,"static int cc_hide(const char **argv, int argc)
{
	console_close();
	return 0;
}
",2016-03-10 18:48:00 +0000,1036,"    argv = realloc(argv, argvCapacity * sizeof(utf8*))"
450,openrct2/openrct2,1daa6576575f9a1fbef321236c0368396b5ff3df,src/interface/console.c,"static int cc_hide(const char **argv, int argc)
{
	console_close();
	return 0;
}
",2016-03-10 18:48:00 +0000,545, int i
451,openrct2/openrct2,1daa6576575f9a1fbef321236c0368396b5ff3df,src/interface/console.c,"static int cc_hide(const char **argv, int argc)
{
	console_close();
	return 0;
}
",2016-03-10 18:48:00 +0000,785,        int rideType
452,openrct2/openrct2,1daa6576575f9a1fbef321236c0368396b5ff3df,src/interface/console.c,"static int cc_hide(const char **argv, int argc)
{
	console_close();
	return 0;
}
",2016-03-10 18:48:00 +0000,282, PEEP_FLAGS_TWITCH = (1 << 31)  // Added for twitch integration                        ^
453,openrct2/openrct2,1daa6576575f9a1fbef321236c0368396b5ff3df,src/interface/console.c,"static int cc_hide(const char **argv, int argc)
{
	console_close();
	return 0;
}
",2016-03-10 18:48:00 +0000,426," RIDE_ENTRY_FLAG_31 = 1 << 31, // 0x80000000                        ^"
454,openrct2/openrct2,1daa6576575f9a1fbef321236c0368396b5ff3df,src/interface/console.c,"static int cc_hide(const char **argv, int argc)
{
	console_close();
	return 0;
}
",2016-03-10 18:48:00 +0000,765," RIDE_TYPE_FLAG_SUPPORTS_MULTIPLE_TRACK_COLOUR = 1 << 31,                                                   ^"
455,openrct2/openrct2,1daa6576575f9a1fbef321236c0368396b5ff3df,src/interface/console.c,"static int cc_hide(const char **argv, int argc)
{
	console_close();
	return 0;
}
",2016-03-10 18:48:00 +0000,105, GAME_COMMAND_FLAG_NETWORKED = (1 << 31) // Game command is coming from network                                  ^
456,openrct2/openrct2,1daa6576575f9a1fbef321236c0368396b5ff3df,src/interface/console.c,"static int cc_hide(const char **argv, int argc)
{
	console_close();
	return 0;
}
",2016-03-10 18:48:00 +0000,282, PEEP_FLAGS_TWITCH = (1 << 31)  // Added for twitch integration                        ^
457,openrct2/openrct2,1daa6576575f9a1fbef321236c0368396b5ff3df,src/interface/console.c,"static int cc_hide(const char **argv, int argc)
{
	console_close();
	return 0;
}
",2016-03-10 18:48:00 +0000,426," RIDE_ENTRY_FLAG_31 = 1 << 31, // 0x80000000                        ^"
458,openrct2/openrct2,1daa6576575f9a1fbef321236c0368396b5ff3df,src/interface/console.c,"static int cc_hide(const char **argv, int argc)
{
	console_close();
	return 0;
}
",2016-03-10 18:48:00 +0000,765," RIDE_TYPE_FLAG_SUPPORTS_MULTIPLE_TRACK_COLOUR = 1 << 31,                                                   ^"
459,openrct2/openrct2,1daa6576575f9a1fbef321236c0368396b5ff3df,src/interface/console.c,"static int cc_hide(const char **argv, int argc)
{
	console_close();
	return 0;
}
",2016-03-10 18:48:00 +0000,105, GAME_COMMAND_FLAG_NETWORKED = (1 << 31) // Game command is coming from network                                  ^
460,openrct2/openrct2,1daa6576575f9a1fbef321236c0368396b5ff3df,src/interface/console.c,"static int cc_hide(const char **argv, int argc)
{
	console_close();
	return 0;
}
",2016-03-10 18:48:00 +0000,754,  utf8* last_char = path + strlen(path)
461,openrct2/openrct2,1daa6576575f9a1fbef321236c0368396b5ff3df,src/interface/console.c,"static int cc_hide(const char **argv, int argc)
{
	console_close();
	return 0;
}
",2016-03-10 18:48:00 +0000,802,        scenerySetEntry = g_scenerySetEntries[entryGroupIndex]
462,openrct2/openrct2,1daa6576575f9a1fbef321236c0368396b5ff3df,src/interface/console.c,"static int cc_hide(const char **argv, int argc)
{
	console_close();
	return 0;
}
",2016-03-10 18:48:00 +0000,1006, bool inQuotes = false
463,openrct2/openrct2,50b52140adc1765af736f904d712f211ff8dd1d4,src/interface/console.c,"static int cc_hide(const char **argv, int argc)
{
	console_close();
	return 0;
}
",2016-03-12 15:40:57 +0000,85," CURSOR_RELEASED = CURSOR_UP | CURSOR_CHANGED,                             ^"
464,openrct2/openrct2,50b52140adc1765af736f904d712f211ff8dd1d4,src/interface/console.c,"static int cc_hide(const char **argv, int argc)
{
	console_close();
	return 0;
}
",2016-03-12 15:40:57 +0000,1036,"    argv = realloc(argv, argvCapacity * sizeof(utf8*))"
465,openrct2/openrct2,50b52140adc1765af736f904d712f211ff8dd1d4,src/interface/console.c,"static int cc_hide(const char **argv, int argc)
{
	console_close();
	return 0;
}
",2016-03-12 15:40:57 +0000,545, int i
466,openrct2/openrct2,50b52140adc1765af736f904d712f211ff8dd1d4,src/interface/console.c,"static int cc_hide(const char **argv, int argc)
{
	console_close();
	return 0;
}
",2016-03-12 15:40:57 +0000,785,        int rideType
467,openrct2/openrct2,50b52140adc1765af736f904d712f211ff8dd1d4,src/interface/console.c,"static int cc_hide(const char **argv, int argc)
{
	console_close();
	return 0;
}
",2016-03-12 15:40:57 +0000,282, PEEP_FLAGS_TWITCH = (1 << 31)  // Added for twitch integration                        ^
468,openrct2/openrct2,50b52140adc1765af736f904d712f211ff8dd1d4,src/interface/console.c,"static int cc_hide(const char **argv, int argc)
{
	console_close();
	return 0;
}
",2016-03-12 15:40:57 +0000,426," RIDE_ENTRY_FLAG_31 = 1 << 31, // 0x80000000                        ^"
469,openrct2/openrct2,50b52140adc1765af736f904d712f211ff8dd1d4,src/interface/console.c,"static int cc_hide(const char **argv, int argc)
{
	console_close();
	return 0;
}
",2016-03-12 15:40:57 +0000,765," RIDE_TYPE_FLAG_SUPPORTS_MULTIPLE_TRACK_COLOUR = 1 << 31,                                                   ^"
470,openrct2/openrct2,50b52140adc1765af736f904d712f211ff8dd1d4,src/interface/console.c,"static int cc_hide(const char **argv, int argc)
{
	console_close();
	return 0;
}
",2016-03-12 15:40:57 +0000,105, GAME_COMMAND_FLAG_NETWORKED = (1 << 31) // Game command is coming from network                                  ^
471,openrct2/openrct2,50b52140adc1765af736f904d712f211ff8dd1d4,src/interface/console.c,"static int cc_hide(const char **argv, int argc)
{
	console_close();
	return 0;
}
",2016-03-12 15:40:57 +0000,282, PEEP_FLAGS_TWITCH = (1 << 31)  // Added for twitch integration                        ^
472,openrct2/openrct2,50b52140adc1765af736f904d712f211ff8dd1d4,src/interface/console.c,"static int cc_hide(const char **argv, int argc)
{
	console_close();
	return 0;
}
",2016-03-12 15:40:57 +0000,426," RIDE_ENTRY_FLAG_31 = 1 << 31, // 0x80000000                        ^"
473,openrct2/openrct2,50b52140adc1765af736f904d712f211ff8dd1d4,src/interface/console.c,"static int cc_hide(const char **argv, int argc)
{
	console_close();
	return 0;
}
",2016-03-12 15:40:57 +0000,765," RIDE_TYPE_FLAG_SUPPORTS_MULTIPLE_TRACK_COLOUR = 1 << 31,                                                   ^"
474,openrct2/openrct2,50b52140adc1765af736f904d712f211ff8dd1d4,src/interface/console.c,"static int cc_hide(const char **argv, int argc)
{
	console_close();
	return 0;
}
",2016-03-12 15:40:57 +0000,105, GAME_COMMAND_FLAG_NETWORKED = (1 << 31) // Game command is coming from network                                  ^
475,openrct2/openrct2,50b52140adc1765af736f904d712f211ff8dd1d4,src/interface/console.c,"static int cc_hide(const char **argv, int argc)
{
	console_close();
	return 0;
}
",2016-03-12 15:40:57 +0000,754,  utf8* last_char = path + strlen(path)
476,openrct2/openrct2,50b52140adc1765af736f904d712f211ff8dd1d4,src/interface/console.c,"static int cc_hide(const char **argv, int argc)
{
	console_close();
	return 0;
}
",2016-03-12 15:40:57 +0000,802,        scenerySetEntry = g_scenerySetEntries[entryGroupIndex]
477,openrct2/openrct2,50b52140adc1765af736f904d712f211ff8dd1d4,src/interface/console.c,"static int cc_hide(const char **argv, int argc)
{
	console_close();
	return 0;
}
",2016-03-12 15:40:57 +0000,1006, bool inQuotes = false
478,openrct2/openrct2,44717cfe2a6f63f8e4da81a151d0ecc520d12215,src/interface/console.c,"static int cc_hide(const char **argv, int argc)
{
	console_close();
	return 0;
}
",2016-04-20 12:37:31 +0100,85," CURSOR_RELEASED = CURSOR_UP | CURSOR_CHANGED,                             ^"
479,openrct2/openrct2,44717cfe2a6f63f8e4da81a151d0ecc520d12215,src/interface/console.c,"static int cc_hide(const char **argv, int argc)
{
	console_close();
	return 0;
}
",2016-04-20 12:37:31 +0100,1076,"    argv = realloc(argv, argvCapacity * sizeof(utf8*))"
480,openrct2/openrct2,44717cfe2a6f63f8e4da81a151d0ecc520d12215,src/interface/console.c,"static int cc_hide(const char **argv, int argc)
{
	console_close();
	return 0;
}
",2016-04-20 12:37:31 +0100,584, int i
481,openrct2/openrct2,44717cfe2a6f63f8e4da81a151d0ecc520d12215,src/interface/console.c,"static int cc_hide(const char **argv, int argc)
{
	console_close();
	return 0;
}
",2016-04-20 12:37:31 +0100,824,        int rideType
482,openrct2/openrct2,44717cfe2a6f63f8e4da81a151d0ecc520d12215,src/interface/console.c,"static int cc_hide(const char **argv, int argc)
{
	console_close();
	return 0;
}
",2016-04-20 12:37:31 +0100,282, PEEP_FLAGS_TWITCH = (1 << 31)  // Added for twitch integration                        ^
483,openrct2/openrct2,44717cfe2a6f63f8e4da81a151d0ecc520d12215,src/interface/console.c,"static int cc_hide(const char **argv, int argc)
{
	console_close();
	return 0;
}
",2016-04-20 12:37:31 +0100,426," RIDE_ENTRY_FLAG_31 = 1 << 31, // 0x80000000                        ^"
484,openrct2/openrct2,44717cfe2a6f63f8e4da81a151d0ecc520d12215,src/interface/console.c,"static int cc_hide(const char **argv, int argc)
{
	console_close();
	return 0;
}
",2016-04-20 12:37:31 +0100,766," RIDE_TYPE_FLAG_SUPPORTS_MULTIPLE_TRACK_COLOUR = 1 << 31,                                                   ^"
485,openrct2/openrct2,44717cfe2a6f63f8e4da81a151d0ecc520d12215,src/interface/console.c,"static int cc_hide(const char **argv, int argc)
{
	console_close();
	return 0;
}
",2016-04-20 12:37:31 +0100,105, GAME_COMMAND_FLAG_NETWORKED = (1 << 31) // Game command is coming from network                                  ^
486,openrct2/openrct2,44717cfe2a6f63f8e4da81a151d0ecc520d12215,src/interface/console.c,"static int cc_hide(const char **argv, int argc)
{
	console_close();
	return 0;
}
",2016-04-20 12:37:31 +0100,282, PEEP_FLAGS_TWITCH = (1 << 31)  // Added for twitch integration                        ^
487,openrct2/openrct2,44717cfe2a6f63f8e4da81a151d0ecc520d12215,src/interface/console.c,"static int cc_hide(const char **argv, int argc)
{
	console_close();
	return 0;
}
",2016-04-20 12:37:31 +0100,426," RIDE_ENTRY_FLAG_31 = 1 << 31, // 0x80000000                        ^"
488,openrct2/openrct2,44717cfe2a6f63f8e4da81a151d0ecc520d12215,src/interface/console.c,"static int cc_hide(const char **argv, int argc)
{
	console_close();
	return 0;
}
",2016-04-20 12:37:31 +0100,766," RIDE_TYPE_FLAG_SUPPORTS_MULTIPLE_TRACK_COLOUR = 1 << 31,                                                   ^"
489,openrct2/openrct2,44717cfe2a6f63f8e4da81a151d0ecc520d12215,src/interface/console.c,"static int cc_hide(const char **argv, int argc)
{
	console_close();
	return 0;
}
",2016-04-20 12:37:31 +0100,105, GAME_COMMAND_FLAG_NETWORKED = (1 << 31) // Game command is coming from network                                  ^
490,openrct2/openrct2,44717cfe2a6f63f8e4da81a151d0ecc520d12215,src/interface/console.c,"static int cc_hide(const char **argv, int argc)
{
	console_close();
	return 0;
}
",2016-04-20 12:37:31 +0100,793,  utf8* last_char = path + strlen(path)
491,openrct2/openrct2,44717cfe2a6f63f8e4da81a151d0ecc520d12215,src/interface/console.c,"static int cc_hide(const char **argv, int argc)
{
	console_close();
	return 0;
}
",2016-04-20 12:37:31 +0100,841,        scenerySetEntry = g_scenerySetEntries[entryGroupIndex]
492,openrct2/openrct2,44717cfe2a6f63f8e4da81a151d0ecc520d12215,src/interface/console.c,"static int cc_hide(const char **argv, int argc)
{
	console_close();
	return 0;
}
",2016-04-20 12:37:31 +0100,1046, bool inQuotes = false
493,openrct2/openrct2,307cb9e08b46a958c01f2098219088612b73034d,src/interface/console.c,"static int cc_hide(const char **argv, int argc)
{
	console_close();
	return 0;
}
",2016-04-23 00:51:22 +0100,85," CURSOR_RELEASED = CURSOR_UP | CURSOR_CHANGED,                             ^"
494,openrct2/openrct2,307cb9e08b46a958c01f2098219088612b73034d,src/interface/console.c,"static int cc_hide(const char **argv, int argc)
{
	console_close();
	return 0;
}
",2016-04-23 00:51:22 +0100,1076,"    argv = realloc(argv, argvCapacity * sizeof(utf8*))"
495,openrct2/openrct2,307cb9e08b46a958c01f2098219088612b73034d,src/interface/console.c,"static int cc_hide(const char **argv, int argc)
{
	console_close();
	return 0;
}
",2016-04-23 00:51:22 +0100,584, int i
496,openrct2/openrct2,307cb9e08b46a958c01f2098219088612b73034d,src/interface/console.c,"static int cc_hide(const char **argv, int argc)
{
	console_close();
	return 0;
}
",2016-04-23 00:51:22 +0100,824,        int rideType
497,openrct2/openrct2,307cb9e08b46a958c01f2098219088612b73034d,src/interface/console.c,"static int cc_hide(const char **argv, int argc)
{
	console_close();
	return 0;
}
",2016-04-23 00:51:22 +0100,282, PEEP_FLAGS_TWITCH = (1 << 31)  // Added for twitch integration                        ^
498,openrct2/openrct2,307cb9e08b46a958c01f2098219088612b73034d,src/interface/console.c,"static int cc_hide(const char **argv, int argc)
{
	console_close();
	return 0;
}
",2016-04-23 00:51:22 +0100,426," RIDE_ENTRY_FLAG_31 = 1 << 31, // 0x80000000                        ^"
499,openrct2/openrct2,307cb9e08b46a958c01f2098219088612b73034d,src/interface/console.c,"static int cc_hide(const char **argv, int argc)
{
	console_close();
	return 0;
}
",2016-04-23 00:51:22 +0100,766," RIDE_TYPE_FLAG_SUPPORTS_MULTIPLE_TRACK_COLOUR = 1 << 31,                                                   ^"
500,openrct2/openrct2,307cb9e08b46a958c01f2098219088612b73034d,src/interface/console.c,"static int cc_hide(const char **argv, int argc)
{
	console_close();
	return 0;
}
",2016-04-23 00:51:22 +0100,105, GAME_COMMAND_FLAG_NETWORKED = (1 << 31) // Game command is coming from network                                  ^
501,openrct2/openrct2,307cb9e08b46a958c01f2098219088612b73034d,src/interface/console.c,"static int cc_hide(const char **argv, int argc)
{
	console_close();
	return 0;
}
",2016-04-23 00:51:22 +0100,282, PEEP_FLAGS_TWITCH = (1 << 31)  // Added for twitch integration                        ^
502,openrct2/openrct2,307cb9e08b46a958c01f2098219088612b73034d,src/interface/console.c,"static int cc_hide(const char **argv, int argc)
{
	console_close();
	return 0;
}
",2016-04-23 00:51:22 +0100,426," RIDE_ENTRY_FLAG_31 = 1 << 31, // 0x80000000                        ^"
503,openrct2/openrct2,307cb9e08b46a958c01f2098219088612b73034d,src/interface/console.c,"static int cc_hide(const char **argv, int argc)
{
	console_close();
	return 0;
}
",2016-04-23 00:51:22 +0100,766," RIDE_TYPE_FLAG_SUPPORTS_MULTIPLE_TRACK_COLOUR = 1 << 31,                                                   ^"
504,openrct2/openrct2,307cb9e08b46a958c01f2098219088612b73034d,src/interface/console.c,"static int cc_hide(const char **argv, int argc)
{
	console_close();
	return 0;
}
",2016-04-23 00:51:22 +0100,105, GAME_COMMAND_FLAG_NETWORKED = (1 << 31) // Game command is coming from network                                  ^
505,openrct2/openrct2,307cb9e08b46a958c01f2098219088612b73034d,src/interface/console.c,"static int cc_hide(const char **argv, int argc)
{
	console_close();
	return 0;
}
",2016-04-23 00:51:22 +0100,793,  utf8* last_char = path + strlen(path)
506,openrct2/openrct2,307cb9e08b46a958c01f2098219088612b73034d,src/interface/console.c,"static int cc_hide(const char **argv, int argc)
{
	console_close();
	return 0;
}
",2016-04-23 00:51:22 +0100,841,        scenerySetEntry = g_scenerySetEntries[entryGroupIndex]
507,openrct2/openrct2,307cb9e08b46a958c01f2098219088612b73034d,src/interface/console.c,"static int cc_hide(const char **argv, int argc)
{
	console_close();
	return 0;
}
",2016-04-23 00:51:22 +0100,1046, bool inQuotes = false
508,openrct2/openrct2,2b702d89c6ce0ae295422f75f1af9a8f823083b7,src/interface/console.c,"static int cc_hide(const char **argv, int argc)
{
	console_close();
	return 0;
}
",2016-04-23 01:37:10 +0100,85," CURSOR_RELEASED = CURSOR_UP | CURSOR_CHANGED,                             ^"
509,openrct2/openrct2,2b702d89c6ce0ae295422f75f1af9a8f823083b7,src/interface/console.c,"static int cc_hide(const char **argv, int argc)
{
	console_close();
	return 0;
}
",2016-04-23 01:37:10 +0100,1076,"    argv = realloc(argv, argvCapacity * sizeof(utf8*))"
510,openrct2/openrct2,2b702d89c6ce0ae295422f75f1af9a8f823083b7,src/interface/console.c,"static int cc_hide(const char **argv, int argc)
{
	console_close();
	return 0;
}
",2016-04-23 01:37:10 +0100,584, int i
511,openrct2/openrct2,2b702d89c6ce0ae295422f75f1af9a8f823083b7,src/interface/console.c,"static int cc_hide(const char **argv, int argc)
{
	console_close();
	return 0;
}
",2016-04-23 01:37:10 +0100,824,        int rideType
512,openrct2/openrct2,2b702d89c6ce0ae295422f75f1af9a8f823083b7,src/interface/console.c,"static int cc_hide(const char **argv, int argc)
{
	console_close();
	return 0;
}
",2016-04-23 01:37:10 +0100,282, PEEP_FLAGS_TWITCH = (1 << 31)  // Added for twitch integration                        ^
513,openrct2/openrct2,2b702d89c6ce0ae295422f75f1af9a8f823083b7,src/interface/console.c,"static int cc_hide(const char **argv, int argc)
{
	console_close();
	return 0;
}
",2016-04-23 01:37:10 +0100,426," RIDE_ENTRY_FLAG_31 = 1 << 31, // 0x80000000                        ^"
514,openrct2/openrct2,2b702d89c6ce0ae295422f75f1af9a8f823083b7,src/interface/console.c,"static int cc_hide(const char **argv, int argc)
{
	console_close();
	return 0;
}
",2016-04-23 01:37:10 +0100,766," RIDE_TYPE_FLAG_SUPPORTS_MULTIPLE_TRACK_COLOUR = 1 << 31,                                                   ^"
515,openrct2/openrct2,2b702d89c6ce0ae295422f75f1af9a8f823083b7,src/interface/console.c,"static int cc_hide(const char **argv, int argc)
{
	console_close();
	return 0;
}
",2016-04-23 01:37:10 +0100,105, GAME_COMMAND_FLAG_NETWORKED = (1 << 31) // Game command is coming from network                                  ^
516,openrct2/openrct2,2b702d89c6ce0ae295422f75f1af9a8f823083b7,src/interface/console.c,"static int cc_hide(const char **argv, int argc)
{
	console_close();
	return 0;
}
",2016-04-23 01:37:10 +0100,282, PEEP_FLAGS_TWITCH = (1 << 31)  // Added for twitch integration                        ^
517,openrct2/openrct2,2b702d89c6ce0ae295422f75f1af9a8f823083b7,src/interface/console.c,"static int cc_hide(const char **argv, int argc)
{
	console_close();
	return 0;
}
",2016-04-23 01:37:10 +0100,426," RIDE_ENTRY_FLAG_31 = 1 << 31, // 0x80000000                        ^"
518,openrct2/openrct2,2b702d89c6ce0ae295422f75f1af9a8f823083b7,src/interface/console.c,"static int cc_hide(const char **argv, int argc)
{
	console_close();
	return 0;
}
",2016-04-23 01:37:10 +0100,766," RIDE_TYPE_FLAG_SUPPORTS_MULTIPLE_TRACK_COLOUR = 1 << 31,                                                   ^"
519,openrct2/openrct2,2b702d89c6ce0ae295422f75f1af9a8f823083b7,src/interface/console.c,"static int cc_hide(const char **argv, int argc)
{
	console_close();
	return 0;
}
",2016-04-23 01:37:10 +0100,105, GAME_COMMAND_FLAG_NETWORKED = (1 << 31) // Game command is coming from network                                  ^
520,openrct2/openrct2,2b702d89c6ce0ae295422f75f1af9a8f823083b7,src/interface/console.c,"static int cc_hide(const char **argv, int argc)
{
	console_close();
	return 0;
}
",2016-04-23 01:37:10 +0100,793,  utf8* last_char = path + strlen(path)
521,openrct2/openrct2,2b702d89c6ce0ae295422f75f1af9a8f823083b7,src/interface/console.c,"static int cc_hide(const char **argv, int argc)
{
	console_close();
	return 0;
}
",2016-04-23 01:37:10 +0100,841,        scenerySetEntry = g_scenerySetEntries[entryGroupIndex]
522,openrct2/openrct2,2b702d89c6ce0ae295422f75f1af9a8f823083b7,src/interface/console.c,"static int cc_hide(const char **argv, int argc)
{
	console_close();
	return 0;
}
",2016-04-23 01:37:10 +0100,1046, bool inQuotes = false
523,openrct2/openrct2,0971d8ad51958d862e39b73ee3c32d822c892f45,src/interface/console.c,"static int cc_hide(const char **argv, int argc)
{
	console_close();
	return 0;
}
",2016-04-23 01:47:03 +0100,85," CURSOR_RELEASED = CURSOR_UP | CURSOR_CHANGED,                             ^"
524,openrct2/openrct2,0971d8ad51958d862e39b73ee3c32d822c892f45,src/interface/console.c,"static int cc_hide(const char **argv, int argc)
{
	console_close();
	return 0;
}
",2016-04-23 01:47:03 +0100,1076,"    argv = realloc(argv, argvCapacity * sizeof(utf8*))"
525,openrct2/openrct2,0971d8ad51958d862e39b73ee3c32d822c892f45,src/interface/console.c,"static int cc_hide(const char **argv, int argc)
{
	console_close();
	return 0;
}
",2016-04-23 01:47:03 +0100,584, int i
526,openrct2/openrct2,0971d8ad51958d862e39b73ee3c32d822c892f45,src/interface/console.c,"static int cc_hide(const char **argv, int argc)
{
	console_close();
	return 0;
}
",2016-04-23 01:47:03 +0100,824,        int rideType
527,openrct2/openrct2,0971d8ad51958d862e39b73ee3c32d822c892f45,src/interface/console.c,"static int cc_hide(const char **argv, int argc)
{
	console_close();
	return 0;
}
",2016-04-23 01:47:03 +0100,282, PEEP_FLAGS_TWITCH = (1 << 31)  // Added for twitch integration                        ^
528,openrct2/openrct2,0971d8ad51958d862e39b73ee3c32d822c892f45,src/interface/console.c,"static int cc_hide(const char **argv, int argc)
{
	console_close();
	return 0;
}
",2016-04-23 01:47:03 +0100,426," RIDE_ENTRY_FLAG_31 = 1 << 31, // 0x80000000                        ^"
529,openrct2/openrct2,0971d8ad51958d862e39b73ee3c32d822c892f45,src/interface/console.c,"static int cc_hide(const char **argv, int argc)
{
	console_close();
	return 0;
}
",2016-04-23 01:47:03 +0100,766," RIDE_TYPE_FLAG_SUPPORTS_MULTIPLE_TRACK_COLOUR = 1 << 31,                                                   ^"
530,openrct2/openrct2,0971d8ad51958d862e39b73ee3c32d822c892f45,src/interface/console.c,"static int cc_hide(const char **argv, int argc)
{
	console_close();
	return 0;
}
",2016-04-23 01:47:03 +0100,105, GAME_COMMAND_FLAG_NETWORKED = (1 << 31) // Game command is coming from network                                  ^
531,openrct2/openrct2,0971d8ad51958d862e39b73ee3c32d822c892f45,src/interface/console.c,"static int cc_hide(const char **argv, int argc)
{
	console_close();
	return 0;
}
",2016-04-23 01:47:03 +0100,282, PEEP_FLAGS_TWITCH = (1 << 31)  // Added for twitch integration                        ^
532,openrct2/openrct2,0971d8ad51958d862e39b73ee3c32d822c892f45,src/interface/console.c,"static int cc_hide(const char **argv, int argc)
{
	console_close();
	return 0;
}
",2016-04-23 01:47:03 +0100,426," RIDE_ENTRY_FLAG_31 = 1 << 31, // 0x80000000                        ^"
533,openrct2/openrct2,0971d8ad51958d862e39b73ee3c32d822c892f45,src/interface/console.c,"static int cc_hide(const char **argv, int argc)
{
	console_close();
	return 0;
}
",2016-04-23 01:47:03 +0100,766," RIDE_TYPE_FLAG_SUPPORTS_MULTIPLE_TRACK_COLOUR = 1 << 31,                                                   ^"
534,openrct2/openrct2,0971d8ad51958d862e39b73ee3c32d822c892f45,src/interface/console.c,"static int cc_hide(const char **argv, int argc)
{
	console_close();
	return 0;
}
",2016-04-23 01:47:03 +0100,105, GAME_COMMAND_FLAG_NETWORKED = (1 << 31) // Game command is coming from network                                  ^
535,openrct2/openrct2,0971d8ad51958d862e39b73ee3c32d822c892f45,src/interface/console.c,"static int cc_hide(const char **argv, int argc)
{
	console_close();
	return 0;
}
",2016-04-23 01:47:03 +0100,793,  utf8* last_char = path + strlen(path)
536,openrct2/openrct2,0971d8ad51958d862e39b73ee3c32d822c892f45,src/interface/console.c,"static int cc_hide(const char **argv, int argc)
{
	console_close();
	return 0;
}
",2016-04-23 01:47:03 +0100,841,        scenerySetEntry = g_scenerySetEntries[entryGroupIndex]
537,openrct2/openrct2,0971d8ad51958d862e39b73ee3c32d822c892f45,src/interface/console.c,"static int cc_hide(const char **argv, int argc)
{
	console_close();
	return 0;
}
",2016-04-23 01:47:03 +0100,1046, bool inQuotes = false
538,openrct2/openrct2,11a2ba01335904c6ec0fb570923cb8cb336dd3b9,src/interface/console.c,"static int cc_hide(const char **argv, int argc)
{
	console_close();
	return 0;
}
",2016-04-23 01:58:54 +0100,85," CURSOR_RELEASED = CURSOR_UP | CURSOR_CHANGED,                             ^"
539,openrct2/openrct2,11a2ba01335904c6ec0fb570923cb8cb336dd3b9,src/interface/console.c,"static int cc_hide(const char **argv, int argc)
{
	console_close();
	return 0;
}
",2016-04-23 01:58:54 +0100,1077,"    argv = realloc(argv, argvCapacity * sizeof(utf8*))"
540,openrct2/openrct2,11a2ba01335904c6ec0fb570923cb8cb336dd3b9,src/interface/console.c,"static int cc_hide(const char **argv, int argc)
{
	console_close();
	return 0;
}
",2016-04-23 01:58:54 +0100,585, int i
541,openrct2/openrct2,11a2ba01335904c6ec0fb570923cb8cb336dd3b9,src/interface/console.c,"static int cc_hide(const char **argv, int argc)
{
	console_close();
	return 0;
}
",2016-04-23 01:58:54 +0100,825,        int rideType
542,openrct2/openrct2,11a2ba01335904c6ec0fb570923cb8cb336dd3b9,src/interface/console.c,"static int cc_hide(const char **argv, int argc)
{
	console_close();
	return 0;
}
",2016-04-23 01:58:54 +0100,282, PEEP_FLAGS_TWITCH = (1 << 31)  // Added for twitch integration                        ^
543,openrct2/openrct2,11a2ba01335904c6ec0fb570923cb8cb336dd3b9,src/interface/console.c,"static int cc_hide(const char **argv, int argc)
{
	console_close();
	return 0;
}
",2016-04-23 01:58:54 +0100,426," RIDE_ENTRY_FLAG_31 = 1 << 31, // 0x80000000                        ^"
544,openrct2/openrct2,11a2ba01335904c6ec0fb570923cb8cb336dd3b9,src/interface/console.c,"static int cc_hide(const char **argv, int argc)
{
	console_close();
	return 0;
}
",2016-04-23 01:58:54 +0100,766," RIDE_TYPE_FLAG_SUPPORTS_MULTIPLE_TRACK_COLOUR = 1 << 31,                                                   ^"
545,openrct2/openrct2,11a2ba01335904c6ec0fb570923cb8cb336dd3b9,src/interface/console.c,"static int cc_hide(const char **argv, int argc)
{
	console_close();
	return 0;
}
",2016-04-23 01:58:54 +0100,105, GAME_COMMAND_FLAG_NETWORKED = (1 << 31) // Game command is coming from network                                  ^
546,openrct2/openrct2,11a2ba01335904c6ec0fb570923cb8cb336dd3b9,src/interface/console.c,"static int cc_hide(const char **argv, int argc)
{
	console_close();
	return 0;
}
",2016-04-23 01:58:54 +0100,282, PEEP_FLAGS_TWITCH = (1 << 31)  // Added for twitch integration                        ^
547,openrct2/openrct2,11a2ba01335904c6ec0fb570923cb8cb336dd3b9,src/interface/console.c,"static int cc_hide(const char **argv, int argc)
{
	console_close();
	return 0;
}
",2016-04-23 01:58:54 +0100,426," RIDE_ENTRY_FLAG_31 = 1 << 31, // 0x80000000                        ^"
548,openrct2/openrct2,11a2ba01335904c6ec0fb570923cb8cb336dd3b9,src/interface/console.c,"static int cc_hide(const char **argv, int argc)
{
	console_close();
	return 0;
}
",2016-04-23 01:58:54 +0100,766," RIDE_TYPE_FLAG_SUPPORTS_MULTIPLE_TRACK_COLOUR = 1 << 31,                                                   ^"
549,openrct2/openrct2,11a2ba01335904c6ec0fb570923cb8cb336dd3b9,src/interface/console.c,"static int cc_hide(const char **argv, int argc)
{
	console_close();
	return 0;
}
",2016-04-23 01:58:54 +0100,105, GAME_COMMAND_FLAG_NETWORKED = (1 << 31) // Game command is coming from network                                  ^
550,openrct2/openrct2,11a2ba01335904c6ec0fb570923cb8cb336dd3b9,src/interface/console.c,"static int cc_hide(const char **argv, int argc)
{
	console_close();
	return 0;
}
",2016-04-23 01:58:54 +0100,794,  utf8* last_char = path + strlen(path)
551,openrct2/openrct2,11a2ba01335904c6ec0fb570923cb8cb336dd3b9,src/interface/console.c,"static int cc_hide(const char **argv, int argc)
{
	console_close();
	return 0;
}
",2016-04-23 01:58:54 +0100,842,        scenerySetEntry = g_scenerySetEntries[entryGroupIndex]
552,openrct2/openrct2,11a2ba01335904c6ec0fb570923cb8cb336dd3b9,src/interface/console.c,"static int cc_hide(const char **argv, int argc)
{
	console_close();
	return 0;
}
",2016-04-23 01:58:54 +0100,1047, bool inQuotes = false
553,openrct2/openrct2,3c5298317885a38b1f26ea247aeebcf4f85fb8b8,src/interface/console.c,"static int cc_hide(const char **argv, int argc)
{
	console_close();
	return 0;
}
",2016-04-23 02:00:44 +0100,85," CURSOR_RELEASED = CURSOR_UP | CURSOR_CHANGED,                             ^"
554,openrct2/openrct2,3c5298317885a38b1f26ea247aeebcf4f85fb8b8,src/interface/console.c,"static int cc_hide(const char **argv, int argc)
{
	console_close();
	return 0;
}
",2016-04-23 02:00:44 +0100,1077,"    argv = realloc(argv, argvCapacity * sizeof(utf8*))"
555,openrct2/openrct2,3c5298317885a38b1f26ea247aeebcf4f85fb8b8,src/interface/console.c,"static int cc_hide(const char **argv, int argc)
{
	console_close();
	return 0;
}
",2016-04-23 02:00:44 +0100,585, int i
556,openrct2/openrct2,3c5298317885a38b1f26ea247aeebcf4f85fb8b8,src/interface/console.c,"static int cc_hide(const char **argv, int argc)
{
	console_close();
	return 0;
}
",2016-04-23 02:00:44 +0100,825,        int rideType
557,openrct2/openrct2,3c5298317885a38b1f26ea247aeebcf4f85fb8b8,src/interface/console.c,"static int cc_hide(const char **argv, int argc)
{
	console_close();
	return 0;
}
",2016-04-23 02:00:44 +0100,282, PEEP_FLAGS_TWITCH = (1 << 31)  // Added for twitch integration                        ^
558,openrct2/openrct2,3c5298317885a38b1f26ea247aeebcf4f85fb8b8,src/interface/console.c,"static int cc_hide(const char **argv, int argc)
{
	console_close();
	return 0;
}
",2016-04-23 02:00:44 +0100,426," RIDE_ENTRY_FLAG_31 = 1 << 31, // 0x80000000                        ^"
559,openrct2/openrct2,3c5298317885a38b1f26ea247aeebcf4f85fb8b8,src/interface/console.c,"static int cc_hide(const char **argv, int argc)
{
	console_close();
	return 0;
}
",2016-04-23 02:00:44 +0100,766," RIDE_TYPE_FLAG_SUPPORTS_MULTIPLE_TRACK_COLOUR = 1 << 31,                                                   ^"
560,openrct2/openrct2,3c5298317885a38b1f26ea247aeebcf4f85fb8b8,src/interface/console.c,"static int cc_hide(const char **argv, int argc)
{
	console_close();
	return 0;
}
",2016-04-23 02:00:44 +0100,105, GAME_COMMAND_FLAG_NETWORKED = (1 << 31) // Game command is coming from network                                  ^
561,openrct2/openrct2,3c5298317885a38b1f26ea247aeebcf4f85fb8b8,src/interface/console.c,"static int cc_hide(const char **argv, int argc)
{
	console_close();
	return 0;
}
",2016-04-23 02:00:44 +0100,282, PEEP_FLAGS_TWITCH = (1 << 31)  // Added for twitch integration                        ^
562,openrct2/openrct2,3c5298317885a38b1f26ea247aeebcf4f85fb8b8,src/interface/console.c,"static int cc_hide(const char **argv, int argc)
{
	console_close();
	return 0;
}
",2016-04-23 02:00:44 +0100,426," RIDE_ENTRY_FLAG_31 = 1 << 31, // 0x80000000                        ^"
563,openrct2/openrct2,3c5298317885a38b1f26ea247aeebcf4f85fb8b8,src/interface/console.c,"static int cc_hide(const char **argv, int argc)
{
	console_close();
	return 0;
}
",2016-04-23 02:00:44 +0100,766," RIDE_TYPE_FLAG_SUPPORTS_MULTIPLE_TRACK_COLOUR = 1 << 31,                                                   ^"
564,openrct2/openrct2,3c5298317885a38b1f26ea247aeebcf4f85fb8b8,src/interface/console.c,"static int cc_hide(const char **argv, int argc)
{
	console_close();
	return 0;
}
",2016-04-23 02:00:44 +0100,105, GAME_COMMAND_FLAG_NETWORKED = (1 << 31) // Game command is coming from network                                  ^
565,openrct2/openrct2,3c5298317885a38b1f26ea247aeebcf4f85fb8b8,src/interface/console.c,"static int cc_hide(const char **argv, int argc)
{
	console_close();
	return 0;
}
",2016-04-23 02:00:44 +0100,794,  utf8* last_char = path + strlen(path)
566,openrct2/openrct2,3c5298317885a38b1f26ea247aeebcf4f85fb8b8,src/interface/console.c,"static int cc_hide(const char **argv, int argc)
{
	console_close();
	return 0;
}
",2016-04-23 02:00:44 +0100,842,        scenerySetEntry = g_scenerySetEntries[entryGroupIndex]
567,openrct2/openrct2,3c5298317885a38b1f26ea247aeebcf4f85fb8b8,src/interface/console.c,"static int cc_hide(const char **argv, int argc)
{
	console_close();
	return 0;
}
",2016-04-23 02:00:44 +0100,1047, bool inQuotes = false
568,openrct2/openrct2,8509927dc7c5b23bc40d0ecdb43702aaafe1064e,src/interface/console.c,"static int cc_hide(const char **argv, int argc)
{
	console_close();
	return 0;
}
",2016-04-23 02:35:03 +0100,85," CURSOR_RELEASED = CURSOR_UP | CURSOR_CHANGED,                             ^"
569,openrct2/openrct2,8509927dc7c5b23bc40d0ecdb43702aaafe1064e,src/interface/console.c,"static int cc_hide(const char **argv, int argc)
{
	console_close();
	return 0;
}
",2016-04-23 02:35:03 +0100,1077,"    argv = realloc(argv, argvCapacity * sizeof(utf8*))"
570,openrct2/openrct2,8509927dc7c5b23bc40d0ecdb43702aaafe1064e,src/interface/console.c,"static int cc_hide(const char **argv, int argc)
{
	console_close();
	return 0;
}
",2016-04-23 02:35:03 +0100,585, int i
571,openrct2/openrct2,8509927dc7c5b23bc40d0ecdb43702aaafe1064e,src/interface/console.c,"static int cc_hide(const char **argv, int argc)
{
	console_close();
	return 0;
}
",2016-04-23 02:35:03 +0100,825,        int rideType
572,openrct2/openrct2,8509927dc7c5b23bc40d0ecdb43702aaafe1064e,src/interface/console.c,"static int cc_hide(const char **argv, int argc)
{
	console_close();
	return 0;
}
",2016-04-23 02:35:03 +0100,282, PEEP_FLAGS_TWITCH = (1 << 31)  // Added for twitch integration                        ^
573,openrct2/openrct2,8509927dc7c5b23bc40d0ecdb43702aaafe1064e,src/interface/console.c,"static int cc_hide(const char **argv, int argc)
{
	console_close();
	return 0;
}
",2016-04-23 02:35:03 +0100,426," RIDE_ENTRY_FLAG_31 = 1 << 31, // 0x80000000                        ^"
574,openrct2/openrct2,8509927dc7c5b23bc40d0ecdb43702aaafe1064e,src/interface/console.c,"static int cc_hide(const char **argv, int argc)
{
	console_close();
	return 0;
}
",2016-04-23 02:35:03 +0100,766," RIDE_TYPE_FLAG_SUPPORTS_MULTIPLE_TRACK_COLOUR = 1 << 31,                                                   ^"
575,openrct2/openrct2,8509927dc7c5b23bc40d0ecdb43702aaafe1064e,src/interface/console.c,"static int cc_hide(const char **argv, int argc)
{
	console_close();
	return 0;
}
",2016-04-23 02:35:03 +0100,105, GAME_COMMAND_FLAG_NETWORKED = (1 << 31) // Game command is coming from network                                  ^
576,openrct2/openrct2,8509927dc7c5b23bc40d0ecdb43702aaafe1064e,src/interface/console.c,"static int cc_hide(const char **argv, int argc)
{
	console_close();
	return 0;
}
",2016-04-23 02:35:03 +0100,282, PEEP_FLAGS_TWITCH = (1 << 31)  // Added for twitch integration                        ^
577,openrct2/openrct2,8509927dc7c5b23bc40d0ecdb43702aaafe1064e,src/interface/console.c,"static int cc_hide(const char **argv, int argc)
{
	console_close();
	return 0;
}
",2016-04-23 02:35:03 +0100,426," RIDE_ENTRY_FLAG_31 = 1 << 31, // 0x80000000                        ^"
578,openrct2/openrct2,8509927dc7c5b23bc40d0ecdb43702aaafe1064e,src/interface/console.c,"static int cc_hide(const char **argv, int argc)
{
	console_close();
	return 0;
}
",2016-04-23 02:35:03 +0100,766," RIDE_TYPE_FLAG_SUPPORTS_MULTIPLE_TRACK_COLOUR = 1 << 31,                                                   ^"
579,openrct2/openrct2,8509927dc7c5b23bc40d0ecdb43702aaafe1064e,src/interface/console.c,"static int cc_hide(const char **argv, int argc)
{
	console_close();
	return 0;
}
",2016-04-23 02:35:03 +0100,105, GAME_COMMAND_FLAG_NETWORKED = (1 << 31) // Game command is coming from network                                  ^
580,openrct2/openrct2,8509927dc7c5b23bc40d0ecdb43702aaafe1064e,src/interface/console.c,"static int cc_hide(const char **argv, int argc)
{
	console_close();
	return 0;
}
",2016-04-23 02:35:03 +0100,794,  utf8* last_char = path + strlen(path)
581,openrct2/openrct2,8509927dc7c5b23bc40d0ecdb43702aaafe1064e,src/interface/console.c,"static int cc_hide(const char **argv, int argc)
{
	console_close();
	return 0;
}
",2016-04-23 02:35:03 +0100,842,        scenerySetEntry = g_scenerySetEntries[entryGroupIndex]
582,openrct2/openrct2,8509927dc7c5b23bc40d0ecdb43702aaafe1064e,src/interface/console.c,"static int cc_hide(const char **argv, int argc)
{
	console_close();
	return 0;
}
",2016-04-23 02:35:03 +0100,1047, bool inQuotes = false
583,openrct2/openrct2,727a568e3235b63abf866030d918824088214903,src/interface/console.c,"static int cc_hide(const char **argv, int argc)
{
	console_close();
	return 0;
}
",2016-04-23 02:36:24 +0100,85," CURSOR_RELEASED = CURSOR_UP | CURSOR_CHANGED,                             ^"
584,openrct2/openrct2,727a568e3235b63abf866030d918824088214903,src/interface/console.c,"static int cc_hide(const char **argv, int argc)
{
	console_close();
	return 0;
}
",2016-04-23 02:36:24 +0100,1077,"    argv = realloc(argv, argvCapacity * sizeof(utf8*))"
585,openrct2/openrct2,727a568e3235b63abf866030d918824088214903,src/interface/console.c,"static int cc_hide(const char **argv, int argc)
{
	console_close();
	return 0;
}
",2016-04-23 02:36:24 +0100,585, int i
586,openrct2/openrct2,727a568e3235b63abf866030d918824088214903,src/interface/console.c,"static int cc_hide(const char **argv, int argc)
{
	console_close();
	return 0;
}
",2016-04-23 02:36:24 +0100,825,        int rideType
587,openrct2/openrct2,727a568e3235b63abf866030d918824088214903,src/interface/console.c,"static int cc_hide(const char **argv, int argc)
{
	console_close();
	return 0;
}
",2016-04-23 02:36:24 +0100,282, PEEP_FLAGS_TWITCH = (1 << 31)  // Added for twitch integration                        ^
588,openrct2/openrct2,727a568e3235b63abf866030d918824088214903,src/interface/console.c,"static int cc_hide(const char **argv, int argc)
{
	console_close();
	return 0;
}
",2016-04-23 02:36:24 +0100,426," RIDE_ENTRY_FLAG_31 = 1 << 31, // 0x80000000                        ^"
589,openrct2/openrct2,727a568e3235b63abf866030d918824088214903,src/interface/console.c,"static int cc_hide(const char **argv, int argc)
{
	console_close();
	return 0;
}
",2016-04-23 02:36:24 +0100,766," RIDE_TYPE_FLAG_SUPPORTS_MULTIPLE_TRACK_COLOUR = 1 << 31,                                                   ^"
590,openrct2/openrct2,727a568e3235b63abf866030d918824088214903,src/interface/console.c,"static int cc_hide(const char **argv, int argc)
{
	console_close();
	return 0;
}
",2016-04-23 02:36:24 +0100,105, GAME_COMMAND_FLAG_NETWORKED = (1 << 31) // Game command is coming from network                                  ^
591,openrct2/openrct2,727a568e3235b63abf866030d918824088214903,src/interface/console.c,"static int cc_hide(const char **argv, int argc)
{
	console_close();
	return 0;
}
",2016-04-23 02:36:24 +0100,282, PEEP_FLAGS_TWITCH = (1 << 31)  // Added for twitch integration                        ^
592,openrct2/openrct2,727a568e3235b63abf866030d918824088214903,src/interface/console.c,"static int cc_hide(const char **argv, int argc)
{
	console_close();
	return 0;
}
",2016-04-23 02:36:24 +0100,426," RIDE_ENTRY_FLAG_31 = 1 << 31, // 0x80000000                        ^"
593,openrct2/openrct2,727a568e3235b63abf866030d918824088214903,src/interface/console.c,"static int cc_hide(const char **argv, int argc)
{
	console_close();
	return 0;
}
",2016-04-23 02:36:24 +0100,766," RIDE_TYPE_FLAG_SUPPORTS_MULTIPLE_TRACK_COLOUR = 1 << 31,                                                   ^"
594,openrct2/openrct2,727a568e3235b63abf866030d918824088214903,src/interface/console.c,"static int cc_hide(const char **argv, int argc)
{
	console_close();
	return 0;
}
",2016-04-23 02:36:24 +0100,105, GAME_COMMAND_FLAG_NETWORKED = (1 << 31) // Game command is coming from network                                  ^
595,openrct2/openrct2,727a568e3235b63abf866030d918824088214903,src/interface/console.c,"static int cc_hide(const char **argv, int argc)
{
	console_close();
	return 0;
}
",2016-04-23 02:36:24 +0100,794,  utf8* last_char = path + strlen(path)
596,openrct2/openrct2,727a568e3235b63abf866030d918824088214903,src/interface/console.c,"static int cc_hide(const char **argv, int argc)
{
	console_close();
	return 0;
}
",2016-04-23 02:36:24 +0100,842,        scenerySetEntry = g_scenerySetEntries[entryGroupIndex]
597,openrct2/openrct2,727a568e3235b63abf866030d918824088214903,src/interface/console.c,"static int cc_hide(const char **argv, int argc)
{
	console_close();
	return 0;
}
",2016-04-23 02:36:24 +0100,1047, bool inQuotes = false
598,openrct2/openrct2,a819819ff4d87e85ca41ad31cb699f3240d9166d,src/interface/console.c,"static int cc_hide(const char **argv, int argc)
{
	console_close();
	return 0;
}
",2016-04-23 02:37:33 +0100,85," CURSOR_RELEASED = CURSOR_UP | CURSOR_CHANGED,                             ^"
599,openrct2/openrct2,a819819ff4d87e85ca41ad31cb699f3240d9166d,src/interface/console.c,"static int cc_hide(const char **argv, int argc)
{
	console_close();
	return 0;
}
",2016-04-23 02:37:33 +0100,1077,"    argv = realloc(argv, argvCapacity * sizeof(utf8*))"
600,openrct2/openrct2,a819819ff4d87e85ca41ad31cb699f3240d9166d,src/interface/console.c,"static int cc_hide(const char **argv, int argc)
{
	console_close();
	return 0;
}
",2016-04-23 02:37:33 +0100,585, int i
601,openrct2/openrct2,a819819ff4d87e85ca41ad31cb699f3240d9166d,src/interface/console.c,"static int cc_hide(const char **argv, int argc)
{
	console_close();
	return 0;
}
",2016-04-23 02:37:33 +0100,825,        int rideType
602,openrct2/openrct2,a819819ff4d87e85ca41ad31cb699f3240d9166d,src/interface/console.c,"static int cc_hide(const char **argv, int argc)
{
	console_close();
	return 0;
}
",2016-04-23 02:37:33 +0100,282, PEEP_FLAGS_TWITCH = (1 << 31)  // Added for twitch integration                        ^
603,openrct2/openrct2,a819819ff4d87e85ca41ad31cb699f3240d9166d,src/interface/console.c,"static int cc_hide(const char **argv, int argc)
{
	console_close();
	return 0;
}
",2016-04-23 02:37:33 +0100,426," RIDE_ENTRY_FLAG_31 = 1 << 31, // 0x80000000                        ^"
604,openrct2/openrct2,a819819ff4d87e85ca41ad31cb699f3240d9166d,src/interface/console.c,"static int cc_hide(const char **argv, int argc)
{
	console_close();
	return 0;
}
",2016-04-23 02:37:33 +0100,766," RIDE_TYPE_FLAG_SUPPORTS_MULTIPLE_TRACK_COLOUR = 1 << 31,                                                   ^"
605,openrct2/openrct2,a819819ff4d87e85ca41ad31cb699f3240d9166d,src/interface/console.c,"static int cc_hide(const char **argv, int argc)
{
	console_close();
	return 0;
}
",2016-04-23 02:37:33 +0100,105, GAME_COMMAND_FLAG_NETWORKED = (1 << 31) // Game command is coming from network                                  ^
606,openrct2/openrct2,a819819ff4d87e85ca41ad31cb699f3240d9166d,src/interface/console.c,"static int cc_hide(const char **argv, int argc)
{
	console_close();
	return 0;
}
",2016-04-23 02:37:33 +0100,282, PEEP_FLAGS_TWITCH = (1 << 31)  // Added for twitch integration                        ^
607,openrct2/openrct2,a819819ff4d87e85ca41ad31cb699f3240d9166d,src/interface/console.c,"static int cc_hide(const char **argv, int argc)
{
	console_close();
	return 0;
}
",2016-04-23 02:37:33 +0100,426," RIDE_ENTRY_FLAG_31 = 1 << 31, // 0x80000000                        ^"
608,openrct2/openrct2,a819819ff4d87e85ca41ad31cb699f3240d9166d,src/interface/console.c,"static int cc_hide(const char **argv, int argc)
{
	console_close();
	return 0;
}
",2016-04-23 02:37:33 +0100,766," RIDE_TYPE_FLAG_SUPPORTS_MULTIPLE_TRACK_COLOUR = 1 << 31,                                                   ^"
609,openrct2/openrct2,a819819ff4d87e85ca41ad31cb699f3240d9166d,src/interface/console.c,"static int cc_hide(const char **argv, int argc)
{
	console_close();
	return 0;
}
",2016-04-23 02:37:33 +0100,105, GAME_COMMAND_FLAG_NETWORKED = (1 << 31) // Game command is coming from network                                  ^
610,openrct2/openrct2,a819819ff4d87e85ca41ad31cb699f3240d9166d,src/interface/console.c,"static int cc_hide(const char **argv, int argc)
{
	console_close();
	return 0;
}
",2016-04-23 02:37:33 +0100,794,  utf8* last_char = path + strlen(path)
611,openrct2/openrct2,a819819ff4d87e85ca41ad31cb699f3240d9166d,src/interface/console.c,"static int cc_hide(const char **argv, int argc)
{
	console_close();
	return 0;
}
",2016-04-23 02:37:33 +0100,842,        scenerySetEntry = g_scenerySetEntries[entryGroupIndex]
612,openrct2/openrct2,a819819ff4d87e85ca41ad31cb699f3240d9166d,src/interface/console.c,"static int cc_hide(const char **argv, int argc)
{
	console_close();
	return 0;
}
",2016-04-23 02:37:33 +0100,1047, bool inQuotes = false
613,openrct2/openrct2,0c90c165a2e3f5fc9f61166dd77b56a333703ee1,src/interface/console.c,"static int cc_hide(const char **argv, int argc)
{
	console_close();
	return 0;
}
",2016-04-23 02:38:51 +0100,85," CURSOR_RELEASED = CURSOR_UP | CURSOR_CHANGED,                             ^"
614,openrct2/openrct2,0c90c165a2e3f5fc9f61166dd77b56a333703ee1,src/interface/console.c,"static int cc_hide(const char **argv, int argc)
{
	console_close();
	return 0;
}
",2016-04-23 02:38:51 +0100,1077,"    argv = realloc(argv, argvCapacity * sizeof(utf8*))"
615,openrct2/openrct2,0c90c165a2e3f5fc9f61166dd77b56a333703ee1,src/interface/console.c,"static int cc_hide(const char **argv, int argc)
{
	console_close();
	return 0;
}
",2016-04-23 02:38:51 +0100,585, int i
616,openrct2/openrct2,0c90c165a2e3f5fc9f61166dd77b56a333703ee1,src/interface/console.c,"static int cc_hide(const char **argv, int argc)
{
	console_close();
	return 0;
}
",2016-04-23 02:38:51 +0100,825,        int rideType
617,openrct2/openrct2,0c90c165a2e3f5fc9f61166dd77b56a333703ee1,src/interface/console.c,"static int cc_hide(const char **argv, int argc)
{
	console_close();
	return 0;
}
",2016-04-23 02:38:51 +0100,282, PEEP_FLAGS_TWITCH = (1 << 31)  // Added for twitch integration                        ^
618,openrct2/openrct2,0c90c165a2e3f5fc9f61166dd77b56a333703ee1,src/interface/console.c,"static int cc_hide(const char **argv, int argc)
{
	console_close();
	return 0;
}
",2016-04-23 02:38:51 +0100,426," RIDE_ENTRY_FLAG_31 = 1 << 31, // 0x80000000                        ^"
619,openrct2/openrct2,0c90c165a2e3f5fc9f61166dd77b56a333703ee1,src/interface/console.c,"static int cc_hide(const char **argv, int argc)
{
	console_close();
	return 0;
}
",2016-04-23 02:38:51 +0100,766," RIDE_TYPE_FLAG_SUPPORTS_MULTIPLE_TRACK_COLOUR = 1 << 31,                                                   ^"
620,openrct2/openrct2,0c90c165a2e3f5fc9f61166dd77b56a333703ee1,src/interface/console.c,"static int cc_hide(const char **argv, int argc)
{
	console_close();
	return 0;
}
",2016-04-23 02:38:51 +0100,105, GAME_COMMAND_FLAG_NETWORKED = (1 << 31) // Game command is coming from network                                  ^
621,openrct2/openrct2,0c90c165a2e3f5fc9f61166dd77b56a333703ee1,src/interface/console.c,"static int cc_hide(const char **argv, int argc)
{
	console_close();
	return 0;
}
",2016-04-23 02:38:51 +0100,282, PEEP_FLAGS_TWITCH = (1 << 31)  // Added for twitch integration                        ^
622,openrct2/openrct2,0c90c165a2e3f5fc9f61166dd77b56a333703ee1,src/interface/console.c,"static int cc_hide(const char **argv, int argc)
{
	console_close();
	return 0;
}
",2016-04-23 02:38:51 +0100,426," RIDE_ENTRY_FLAG_31 = 1 << 31, // 0x80000000                        ^"
623,openrct2/openrct2,0c90c165a2e3f5fc9f61166dd77b56a333703ee1,src/interface/console.c,"static int cc_hide(const char **argv, int argc)
{
	console_close();
	return 0;
}
",2016-04-23 02:38:51 +0100,766," RIDE_TYPE_FLAG_SUPPORTS_MULTIPLE_TRACK_COLOUR = 1 << 31,                                                   ^"
624,openrct2/openrct2,0c90c165a2e3f5fc9f61166dd77b56a333703ee1,src/interface/console.c,"static int cc_hide(const char **argv, int argc)
{
	console_close();
	return 0;
}
",2016-04-23 02:38:51 +0100,105, GAME_COMMAND_FLAG_NETWORKED = (1 << 31) // Game command is coming from network                                  ^
625,openrct2/openrct2,0c90c165a2e3f5fc9f61166dd77b56a333703ee1,src/interface/console.c,"static int cc_hide(const char **argv, int argc)
{
	console_close();
	return 0;
}
",2016-04-23 02:38:51 +0100,794,  utf8* last_char = path + strlen(path)
626,openrct2/openrct2,0c90c165a2e3f5fc9f61166dd77b56a333703ee1,src/interface/console.c,"static int cc_hide(const char **argv, int argc)
{
	console_close();
	return 0;
}
",2016-04-23 02:38:51 +0100,842,        scenerySetEntry = g_scenerySetEntries[entryGroupIndex]
627,openrct2/openrct2,0c90c165a2e3f5fc9f61166dd77b56a333703ee1,src/interface/console.c,"static int cc_hide(const char **argv, int argc)
{
	console_close();
	return 0;
}
",2016-04-23 02:38:51 +0100,1047, bool inQuotes = false
628,openrct2/openrct2,3bd21240ed2209dacfa35a6b00d89988baaf1c4f,src/interface/console.c,"static int cc_hide(const char **argv, int argc)
{
	console_close();
	return 0;
}
",2016-04-23 10:53:48 +0100,85," CURSOR_RELEASED = CURSOR_UP | CURSOR_CHANGED,                             ^"
629,openrct2/openrct2,3bd21240ed2209dacfa35a6b00d89988baaf1c4f,src/interface/console.c,"static int cc_hide(const char **argv, int argc)
{
	console_close();
	return 0;
}
",2016-04-23 10:53:48 +0100,1078,"    argv = realloc(argv, argvCapacity * sizeof(utf8*))"
630,openrct2/openrct2,3bd21240ed2209dacfa35a6b00d89988baaf1c4f,src/interface/console.c,"static int cc_hide(const char **argv, int argc)
{
	console_close();
	return 0;
}
",2016-04-23 10:53:48 +0100,586, int i
631,openrct2/openrct2,3bd21240ed2209dacfa35a6b00d89988baaf1c4f,src/interface/console.c,"static int cc_hide(const char **argv, int argc)
{
	console_close();
	return 0;
}
",2016-04-23 10:53:48 +0100,826,        int rideType
632,openrct2/openrct2,3bd21240ed2209dacfa35a6b00d89988baaf1c4f,src/interface/console.c,"static int cc_hide(const char **argv, int argc)
{
	console_close();
	return 0;
}
",2016-04-23 10:53:48 +0100,282, PEEP_FLAGS_TWITCH = (1 << 31)  // Added for twitch integration                        ^
633,openrct2/openrct2,3bd21240ed2209dacfa35a6b00d89988baaf1c4f,src/interface/console.c,"static int cc_hide(const char **argv, int argc)
{
	console_close();
	return 0;
}
",2016-04-23 10:53:48 +0100,426," RIDE_ENTRY_FLAG_31 = 1 << 31, // 0x80000000                        ^"
634,openrct2/openrct2,3bd21240ed2209dacfa35a6b00d89988baaf1c4f,src/interface/console.c,"static int cc_hide(const char **argv, int argc)
{
	console_close();
	return 0;
}
",2016-04-23 10:53:48 +0100,766," RIDE_TYPE_FLAG_SUPPORTS_MULTIPLE_TRACK_COLOUR = 1 << 31,                                                   ^"
635,openrct2/openrct2,3bd21240ed2209dacfa35a6b00d89988baaf1c4f,src/interface/console.c,"static int cc_hide(const char **argv, int argc)
{
	console_close();
	return 0;
}
",2016-04-23 10:53:48 +0100,105, GAME_COMMAND_FLAG_NETWORKED = (1 << 31) // Game command is coming from network                                  ^
636,openrct2/openrct2,3bd21240ed2209dacfa35a6b00d89988baaf1c4f,src/interface/console.c,"static int cc_hide(const char **argv, int argc)
{
	console_close();
	return 0;
}
",2016-04-23 10:53:48 +0100,282, PEEP_FLAGS_TWITCH = (1 << 31)  // Added for twitch integration                        ^
637,openrct2/openrct2,3bd21240ed2209dacfa35a6b00d89988baaf1c4f,src/interface/console.c,"static int cc_hide(const char **argv, int argc)
{
	console_close();
	return 0;
}
",2016-04-23 10:53:48 +0100,426," RIDE_ENTRY_FLAG_31 = 1 << 31, // 0x80000000                        ^"
638,openrct2/openrct2,3bd21240ed2209dacfa35a6b00d89988baaf1c4f,src/interface/console.c,"static int cc_hide(const char **argv, int argc)
{
	console_close();
	return 0;
}
",2016-04-23 10:53:48 +0100,766," RIDE_TYPE_FLAG_SUPPORTS_MULTIPLE_TRACK_COLOUR = 1 << 31,                                                   ^"
639,openrct2/openrct2,3bd21240ed2209dacfa35a6b00d89988baaf1c4f,src/interface/console.c,"static int cc_hide(const char **argv, int argc)
{
	console_close();
	return 0;
}
",2016-04-23 10:53:48 +0100,105, GAME_COMMAND_FLAG_NETWORKED = (1 << 31) // Game command is coming from network                                  ^
640,openrct2/openrct2,3bd21240ed2209dacfa35a6b00d89988baaf1c4f,src/interface/console.c,"static int cc_hide(const char **argv, int argc)
{
	console_close();
	return 0;
}
",2016-04-23 10:53:48 +0100,795,  utf8* last_char = path + strlen(path)
641,openrct2/openrct2,3bd21240ed2209dacfa35a6b00d89988baaf1c4f,src/interface/console.c,"static int cc_hide(const char **argv, int argc)
{
	console_close();
	return 0;
}
",2016-04-23 10:53:48 +0100,843,        scenerySetEntry = g_scenerySetEntries[entryGroupIndex]
642,openrct2/openrct2,3bd21240ed2209dacfa35a6b00d89988baaf1c4f,src/interface/console.c,"static int cc_hide(const char **argv, int argc)
{
	console_close();
	return 0;
}
",2016-04-23 10:53:48 +0100,1048, bool inQuotes = false
643,openrct2/openrct2,4cdb2df9dce584ca71cb98897a4aaae94c199f7f,src/interface/console.c,"static int cc_hide(const char **argv, int argc)
{
	console_close();
	return 0;
}
",2016-04-23 11:16:46 +0100,85," CURSOR_RELEASED = CURSOR_UP | CURSOR_CHANGED,                             ^"
644,openrct2/openrct2,4cdb2df9dce584ca71cb98897a4aaae94c199f7f,src/interface/console.c,"static int cc_hide(const char **argv, int argc)
{
	console_close();
	return 0;
}
",2016-04-23 11:16:46 +0100,1078,"    argv = realloc(argv, argvCapacity * sizeof(utf8*))"
645,openrct2/openrct2,4cdb2df9dce584ca71cb98897a4aaae94c199f7f,src/interface/console.c,"static int cc_hide(const char **argv, int argc)
{
	console_close();
	return 0;
}
",2016-04-23 11:16:46 +0100,586, int i
646,openrct2/openrct2,4cdb2df9dce584ca71cb98897a4aaae94c199f7f,src/interface/console.c,"static int cc_hide(const char **argv, int argc)
{
	console_close();
	return 0;
}
",2016-04-23 11:16:46 +0100,826,        int rideType
647,openrct2/openrct2,4cdb2df9dce584ca71cb98897a4aaae94c199f7f,src/interface/console.c,"static int cc_hide(const char **argv, int argc)
{
	console_close();
	return 0;
}
",2016-04-23 11:16:46 +0100,282, PEEP_FLAGS_TWITCH = (1 << 31)  // Added for twitch integration                        ^
648,openrct2/openrct2,4cdb2df9dce584ca71cb98897a4aaae94c199f7f,src/interface/console.c,"static int cc_hide(const char **argv, int argc)
{
	console_close();
	return 0;
}
",2016-04-23 11:16:46 +0100,426," RIDE_ENTRY_FLAG_31 = 1 << 31, // 0x80000000                        ^"
649,openrct2/openrct2,4cdb2df9dce584ca71cb98897a4aaae94c199f7f,src/interface/console.c,"static int cc_hide(const char **argv, int argc)
{
	console_close();
	return 0;
}
",2016-04-23 11:16:46 +0100,766," RIDE_TYPE_FLAG_SUPPORTS_MULTIPLE_TRACK_COLOUR = 1 << 31,                                                   ^"
650,openrct2/openrct2,4cdb2df9dce584ca71cb98897a4aaae94c199f7f,src/interface/console.c,"static int cc_hide(const char **argv, int argc)
{
	console_close();
	return 0;
}
",2016-04-23 11:16:46 +0100,105, GAME_COMMAND_FLAG_NETWORKED = (1 << 31) // Game command is coming from network                                  ^
651,openrct2/openrct2,4cdb2df9dce584ca71cb98897a4aaae94c199f7f,src/interface/console.c,"static int cc_hide(const char **argv, int argc)
{
	console_close();
	return 0;
}
",2016-04-23 11:16:46 +0100,282, PEEP_FLAGS_TWITCH = (1 << 31)  // Added for twitch integration                        ^
652,openrct2/openrct2,4cdb2df9dce584ca71cb98897a4aaae94c199f7f,src/interface/console.c,"static int cc_hide(const char **argv, int argc)
{
	console_close();
	return 0;
}
",2016-04-23 11:16:46 +0100,426," RIDE_ENTRY_FLAG_31 = 1 << 31, // 0x80000000                        ^"
653,openrct2/openrct2,4cdb2df9dce584ca71cb98897a4aaae94c199f7f,src/interface/console.c,"static int cc_hide(const char **argv, int argc)
{
	console_close();
	return 0;
}
",2016-04-23 11:16:46 +0100,766," RIDE_TYPE_FLAG_SUPPORTS_MULTIPLE_TRACK_COLOUR = 1 << 31,                                                   ^"
654,openrct2/openrct2,4cdb2df9dce584ca71cb98897a4aaae94c199f7f,src/interface/console.c,"static int cc_hide(const char **argv, int argc)
{
	console_close();
	return 0;
}
",2016-04-23 11:16:46 +0100,105, GAME_COMMAND_FLAG_NETWORKED = (1 << 31) // Game command is coming from network                                  ^
655,openrct2/openrct2,4cdb2df9dce584ca71cb98897a4aaae94c199f7f,src/interface/console.c,"static int cc_hide(const char **argv, int argc)
{
	console_close();
	return 0;
}
",2016-04-23 11:16:46 +0100,795,  utf8* last_char = path + strlen(path)
656,openrct2/openrct2,4cdb2df9dce584ca71cb98897a4aaae94c199f7f,src/interface/console.c,"static int cc_hide(const char **argv, int argc)
{
	console_close();
	return 0;
}
",2016-04-23 11:16:46 +0100,843,        scenerySetEntry = g_scenerySetEntries[entryGroupIndex]
657,openrct2/openrct2,4cdb2df9dce584ca71cb98897a4aaae94c199f7f,src/interface/console.c,"static int cc_hide(const char **argv, int argc)
{
	console_close();
	return 0;
}
",2016-04-23 11:16:46 +0100,1048, bool inQuotes = false
658,openrct2/openrct2,98f732aaf7760d00b1d4565fe2838d234a595c5b,src/interface/console.c,"static int cc_hide(const char **argv, int argc)
{
	console_close();
	return 0;
}
",2016-04-24 00:36:39 +0100,85," CURSOR_RELEASED = CURSOR_UP | CURSOR_CHANGED,                             ^"
659,openrct2/openrct2,98f732aaf7760d00b1d4565fe2838d234a595c5b,src/interface/console.c,"static int cc_hide(const char **argv, int argc)
{
	console_close();
	return 0;
}
",2016-04-24 00:36:39 +0100,1078,"    argv = realloc(argv, argvCapacity * sizeof(utf8*))"
660,openrct2/openrct2,98f732aaf7760d00b1d4565fe2838d234a595c5b,src/interface/console.c,"static int cc_hide(const char **argv, int argc)
{
	console_close();
	return 0;
}
",2016-04-24 00:36:39 +0100,586, int i
661,openrct2/openrct2,98f732aaf7760d00b1d4565fe2838d234a595c5b,src/interface/console.c,"static int cc_hide(const char **argv, int argc)
{
	console_close();
	return 0;
}
",2016-04-24 00:36:39 +0100,826,        int rideType
662,openrct2/openrct2,98f732aaf7760d00b1d4565fe2838d234a595c5b,src/interface/console.c,"static int cc_hide(const char **argv, int argc)
{
	console_close();
	return 0;
}
",2016-04-24 00:36:39 +0100,282, PEEP_FLAGS_TWITCH = (1 << 31)  // Added for twitch integration                        ^
663,openrct2/openrct2,98f732aaf7760d00b1d4565fe2838d234a595c5b,src/interface/console.c,"static int cc_hide(const char **argv, int argc)
{
	console_close();
	return 0;
}
",2016-04-24 00:36:39 +0100,426," RIDE_ENTRY_FLAG_31 = 1 << 31, // 0x80000000                        ^"
664,openrct2/openrct2,98f732aaf7760d00b1d4565fe2838d234a595c5b,src/interface/console.c,"static int cc_hide(const char **argv, int argc)
{
	console_close();
	return 0;
}
",2016-04-24 00:36:39 +0100,766," RIDE_TYPE_FLAG_SUPPORTS_MULTIPLE_TRACK_COLOUR = 1 << 31,                                                   ^"
665,openrct2/openrct2,98f732aaf7760d00b1d4565fe2838d234a595c5b,src/interface/console.c,"static int cc_hide(const char **argv, int argc)
{
	console_close();
	return 0;
}
",2016-04-24 00:36:39 +0100,105, GAME_COMMAND_FLAG_NETWORKED = (1 << 31) // Game command is coming from network                                  ^
666,openrct2/openrct2,98f732aaf7760d00b1d4565fe2838d234a595c5b,src/interface/console.c,"static int cc_hide(const char **argv, int argc)
{
	console_close();
	return 0;
}
",2016-04-24 00:36:39 +0100,282, PEEP_FLAGS_TWITCH = (1 << 31)  // Added for twitch integration                        ^
667,openrct2/openrct2,98f732aaf7760d00b1d4565fe2838d234a595c5b,src/interface/console.c,"static int cc_hide(const char **argv, int argc)
{
	console_close();
	return 0;
}
",2016-04-24 00:36:39 +0100,426," RIDE_ENTRY_FLAG_31 = 1 << 31, // 0x80000000                        ^"
668,openrct2/openrct2,98f732aaf7760d00b1d4565fe2838d234a595c5b,src/interface/console.c,"static int cc_hide(const char **argv, int argc)
{
	console_close();
	return 0;
}
",2016-04-24 00:36:39 +0100,766," RIDE_TYPE_FLAG_SUPPORTS_MULTIPLE_TRACK_COLOUR = 1 << 31,                                                   ^"
669,openrct2/openrct2,98f732aaf7760d00b1d4565fe2838d234a595c5b,src/interface/console.c,"static int cc_hide(const char **argv, int argc)
{
	console_close();
	return 0;
}
",2016-04-24 00:36:39 +0100,105, GAME_COMMAND_FLAG_NETWORKED = (1 << 31) // Game command is coming from network                                  ^
670,openrct2/openrct2,98f732aaf7760d00b1d4565fe2838d234a595c5b,src/interface/console.c,"static int cc_hide(const char **argv, int argc)
{
	console_close();
	return 0;
}
",2016-04-24 00:36:39 +0100,795,  utf8* last_char = path + strlen(path)
671,openrct2/openrct2,98f732aaf7760d00b1d4565fe2838d234a595c5b,src/interface/console.c,"static int cc_hide(const char **argv, int argc)
{
	console_close();
	return 0;
}
",2016-04-24 00:36:39 +0100,843,        scenerySetEntry = g_scenerySetEntries[entryGroupIndex]
672,openrct2/openrct2,98f732aaf7760d00b1d4565fe2838d234a595c5b,src/interface/console.c,"static int cc_hide(const char **argv, int argc)
{
	console_close();
	return 0;
}
",2016-04-24 00:36:39 +0100,1048, bool inQuotes = false
673,openrct2/openrct2,b1f704dac4c6cc0aa0caa1d890476d26e8f7051c,src/interface/console.c,"static int cc_hide(const char **argv, int argc)
{
	console_close();
	return 0;
}
",2016-04-25 22:38:09 +0100,85," CURSOR_RELEASED = CURSOR_UP | CURSOR_CHANGED,                             ^"
674,openrct2/openrct2,b1f704dac4c6cc0aa0caa1d890476d26e8f7051c,src/interface/console.c,"static int cc_hide(const char **argv, int argc)
{
	console_close();
	return 0;
}
",2016-04-25 22:38:09 +0100,1078,"    argv = realloc(argv, argvCapacity * sizeof(utf8*))"
675,openrct2/openrct2,b1f704dac4c6cc0aa0caa1d890476d26e8f7051c,src/interface/console.c,"static int cc_hide(const char **argv, int argc)
{
	console_close();
	return 0;
}
",2016-04-25 22:38:09 +0100,586, int i
676,openrct2/openrct2,b1f704dac4c6cc0aa0caa1d890476d26e8f7051c,src/interface/console.c,"static int cc_hide(const char **argv, int argc)
{
	console_close();
	return 0;
}
",2016-04-25 22:38:09 +0100,826,        int rideType
677,openrct2/openrct2,b1f704dac4c6cc0aa0caa1d890476d26e8f7051c,src/interface/console.c,"static int cc_hide(const char **argv, int argc)
{
	console_close();
	return 0;
}
",2016-04-25 22:38:09 +0100,282, PEEP_FLAGS_TWITCH = (1 << 31)  // Added for twitch integration                        ^
678,openrct2/openrct2,b1f704dac4c6cc0aa0caa1d890476d26e8f7051c,src/interface/console.c,"static int cc_hide(const char **argv, int argc)
{
	console_close();
	return 0;
}
",2016-04-25 22:38:09 +0100,426," RIDE_ENTRY_FLAG_31 = 1 << 31, // 0x80000000                        ^"
679,openrct2/openrct2,b1f704dac4c6cc0aa0caa1d890476d26e8f7051c,src/interface/console.c,"static int cc_hide(const char **argv, int argc)
{
	console_close();
	return 0;
}
",2016-04-25 22:38:09 +0100,766," RIDE_TYPE_FLAG_SUPPORTS_MULTIPLE_TRACK_COLOUR = 1 << 31,                                                   ^"
680,openrct2/openrct2,b1f704dac4c6cc0aa0caa1d890476d26e8f7051c,src/interface/console.c,"static int cc_hide(const char **argv, int argc)
{
	console_close();
	return 0;
}
",2016-04-25 22:38:09 +0100,105, GAME_COMMAND_FLAG_NETWORKED = (1 << 31) // Game command is coming from network                                  ^
681,openrct2/openrct2,b1f704dac4c6cc0aa0caa1d890476d26e8f7051c,src/interface/console.c,"static int cc_hide(const char **argv, int argc)
{
	console_close();
	return 0;
}
",2016-04-25 22:38:09 +0100,282, PEEP_FLAGS_TWITCH = (1 << 31)  // Added for twitch integration                        ^
682,openrct2/openrct2,b1f704dac4c6cc0aa0caa1d890476d26e8f7051c,src/interface/console.c,"static int cc_hide(const char **argv, int argc)
{
	console_close();
	return 0;
}
",2016-04-25 22:38:09 +0100,426," RIDE_ENTRY_FLAG_31 = 1 << 31, // 0x80000000                        ^"
683,openrct2/openrct2,b1f704dac4c6cc0aa0caa1d890476d26e8f7051c,src/interface/console.c,"static int cc_hide(const char **argv, int argc)
{
	console_close();
	return 0;
}
",2016-04-25 22:38:09 +0100,766," RIDE_TYPE_FLAG_SUPPORTS_MULTIPLE_TRACK_COLOUR = 1 << 31,                                                   ^"
684,openrct2/openrct2,b1f704dac4c6cc0aa0caa1d890476d26e8f7051c,src/interface/console.c,"static int cc_hide(const char **argv, int argc)
{
	console_close();
	return 0;
}
",2016-04-25 22:38:09 +0100,105, GAME_COMMAND_FLAG_NETWORKED = (1 << 31) // Game command is coming from network                                  ^
685,openrct2/openrct2,b1f704dac4c6cc0aa0caa1d890476d26e8f7051c,src/interface/console.c,"static int cc_hide(const char **argv, int argc)
{
	console_close();
	return 0;
}
",2016-04-25 22:38:09 +0100,795,  utf8* last_char = path + strlen(path)
686,openrct2/openrct2,b1f704dac4c6cc0aa0caa1d890476d26e8f7051c,src/interface/console.c,"static int cc_hide(const char **argv, int argc)
{
	console_close();
	return 0;
}
",2016-04-25 22:38:09 +0100,843,        scenerySetEntry = g_scenerySetEntries[entryGroupIndex]
687,openrct2/openrct2,b1f704dac4c6cc0aa0caa1d890476d26e8f7051c,src/interface/console.c,"static int cc_hide(const char **argv, int argc)
{
	console_close();
	return 0;
}
",2016-04-25 22:38:09 +0100,1048, bool inQuotes = false
688,openrct2/openrct2,489ea66cc953765f7526a655704a36fe59fbfa5f,src/interface/console.c,"static int cc_hide(const char **argv, int argc)
{
	console_close();
	return 0;
}
",2016-04-25 23:00:58 +0100,85," CURSOR_RELEASED = CURSOR_UP | CURSOR_CHANGED,                             ^"
689,openrct2/openrct2,489ea66cc953765f7526a655704a36fe59fbfa5f,src/interface/console.c,"static int cc_hide(const char **argv, int argc)
{
	console_close();
	return 0;
}
",2016-04-25 23:00:58 +0100,1078,"    argv = realloc(argv, argvCapacity * sizeof(utf8*))"
690,openrct2/openrct2,489ea66cc953765f7526a655704a36fe59fbfa5f,src/interface/console.c,"static int cc_hide(const char **argv, int argc)
{
	console_close();
	return 0;
}
",2016-04-25 23:00:58 +0100,586, int i
691,openrct2/openrct2,489ea66cc953765f7526a655704a36fe59fbfa5f,src/interface/console.c,"static int cc_hide(const char **argv, int argc)
{
	console_close();
	return 0;
}
",2016-04-25 23:00:58 +0100,826,        int rideType
692,openrct2/openrct2,489ea66cc953765f7526a655704a36fe59fbfa5f,src/interface/console.c,"static int cc_hide(const char **argv, int argc)
{
	console_close();
	return 0;
}
",2016-04-25 23:00:58 +0100,282, PEEP_FLAGS_TWITCH = (1 << 31)  // Added for twitch integration                        ^
693,openrct2/openrct2,489ea66cc953765f7526a655704a36fe59fbfa5f,src/interface/console.c,"static int cc_hide(const char **argv, int argc)
{
	console_close();
	return 0;
}
",2016-04-25 23:00:58 +0100,426," RIDE_ENTRY_FLAG_31 = 1 << 31, // 0x80000000                        ^"
694,openrct2/openrct2,489ea66cc953765f7526a655704a36fe59fbfa5f,src/interface/console.c,"static int cc_hide(const char **argv, int argc)
{
	console_close();
	return 0;
}
",2016-04-25 23:00:58 +0100,766," RIDE_TYPE_FLAG_SUPPORTS_MULTIPLE_TRACK_COLOUR = 1 << 31,                                                   ^"
695,openrct2/openrct2,489ea66cc953765f7526a655704a36fe59fbfa5f,src/interface/console.c,"static int cc_hide(const char **argv, int argc)
{
	console_close();
	return 0;
}
",2016-04-25 23:00:58 +0100,105, GAME_COMMAND_FLAG_NETWORKED = (1 << 31) // Game command is coming from network                                  ^
696,openrct2/openrct2,489ea66cc953765f7526a655704a36fe59fbfa5f,src/interface/console.c,"static int cc_hide(const char **argv, int argc)
{
	console_close();
	return 0;
}
",2016-04-25 23:00:58 +0100,282, PEEP_FLAGS_TWITCH = (1 << 31)  // Added for twitch integration                        ^
697,openrct2/openrct2,489ea66cc953765f7526a655704a36fe59fbfa5f,src/interface/console.c,"static int cc_hide(const char **argv, int argc)
{
	console_close();
	return 0;
}
",2016-04-25 23:00:58 +0100,426," RIDE_ENTRY_FLAG_31 = 1 << 31, // 0x80000000                        ^"
698,openrct2/openrct2,489ea66cc953765f7526a655704a36fe59fbfa5f,src/interface/console.c,"static int cc_hide(const char **argv, int argc)
{
	console_close();
	return 0;
}
",2016-04-25 23:00:58 +0100,766," RIDE_TYPE_FLAG_SUPPORTS_MULTIPLE_TRACK_COLOUR = 1 << 31,                                                   ^"
699,openrct2/openrct2,489ea66cc953765f7526a655704a36fe59fbfa5f,src/interface/console.c,"static int cc_hide(const char **argv, int argc)
{
	console_close();
	return 0;
}
",2016-04-25 23:00:58 +0100,105, GAME_COMMAND_FLAG_NETWORKED = (1 << 31) // Game command is coming from network                                  ^
700,openrct2/openrct2,489ea66cc953765f7526a655704a36fe59fbfa5f,src/interface/console.c,"static int cc_hide(const char **argv, int argc)
{
	console_close();
	return 0;
}
",2016-04-25 23:00:58 +0100,795,  utf8* last_char = path + strlen(path)
701,openrct2/openrct2,489ea66cc953765f7526a655704a36fe59fbfa5f,src/interface/console.c,"static int cc_hide(const char **argv, int argc)
{
	console_close();
	return 0;
}
",2016-04-25 23:00:58 +0100,843,        scenerySetEntry = g_scenerySetEntries[entryGroupIndex]
702,openrct2/openrct2,489ea66cc953765f7526a655704a36fe59fbfa5f,src/interface/console.c,"static int cc_hide(const char **argv, int argc)
{
	console_close();
	return 0;
}
",2016-04-25 23:00:58 +0100,1048, bool inQuotes = false
703,openrct2/openrct2,90e9197d6e7f1aa62b659d1e15b30087e16f224f,src/interface/console.c,"static int cc_hide(const char **argv, int argc)
{
	console_close();
	return 0;
}
",2016-04-28 12:34:42 +0100,85," CURSOR_RELEASED = CURSOR_UP | CURSOR_CHANGED,                             ^"
704,openrct2/openrct2,90e9197d6e7f1aa62b659d1e15b30087e16f224f,src/interface/console.c,"static int cc_hide(const char **argv, int argc)
{
	console_close();
	return 0;
}
",2016-04-28 12:34:42 +0100,1078,"    argv = realloc(argv, argvCapacity * sizeof(utf8*))"
705,openrct2/openrct2,90e9197d6e7f1aa62b659d1e15b30087e16f224f,src/interface/console.c,"static int cc_hide(const char **argv, int argc)
{
	console_close();
	return 0;
}
",2016-04-28 12:34:42 +0100,586, int i
706,openrct2/openrct2,90e9197d6e7f1aa62b659d1e15b30087e16f224f,src/interface/console.c,"static int cc_hide(const char **argv, int argc)
{
	console_close();
	return 0;
}
",2016-04-28 12:34:42 +0100,826,        int rideType
707,openrct2/openrct2,90e9197d6e7f1aa62b659d1e15b30087e16f224f,src/interface/console.c,"static int cc_hide(const char **argv, int argc)
{
	console_close();
	return 0;
}
",2016-04-28 12:34:42 +0100,282, PEEP_FLAGS_TWITCH = (1 << 31)  // Added for twitch integration                        ^
708,openrct2/openrct2,90e9197d6e7f1aa62b659d1e15b30087e16f224f,src/interface/console.c,"static int cc_hide(const char **argv, int argc)
{
	console_close();
	return 0;
}
",2016-04-28 12:34:42 +0100,426," RIDE_ENTRY_FLAG_31 = 1 << 31, // 0x80000000                        ^"
709,openrct2/openrct2,90e9197d6e7f1aa62b659d1e15b30087e16f224f,src/interface/console.c,"static int cc_hide(const char **argv, int argc)
{
	console_close();
	return 0;
}
",2016-04-28 12:34:42 +0100,766," RIDE_TYPE_FLAG_SUPPORTS_MULTIPLE_TRACK_COLOUR = 1 << 31,                                                   ^"
710,openrct2/openrct2,90e9197d6e7f1aa62b659d1e15b30087e16f224f,src/interface/console.c,"static int cc_hide(const char **argv, int argc)
{
	console_close();
	return 0;
}
",2016-04-28 12:34:42 +0100,105, GAME_COMMAND_FLAG_NETWORKED = (1 << 31) // Game command is coming from network                                  ^
711,openrct2/openrct2,90e9197d6e7f1aa62b659d1e15b30087e16f224f,src/interface/console.c,"static int cc_hide(const char **argv, int argc)
{
	console_close();
	return 0;
}
",2016-04-28 12:34:42 +0100,282, PEEP_FLAGS_TWITCH = (1 << 31)  // Added for twitch integration                        ^
712,openrct2/openrct2,90e9197d6e7f1aa62b659d1e15b30087e16f224f,src/interface/console.c,"static int cc_hide(const char **argv, int argc)
{
	console_close();
	return 0;
}
",2016-04-28 12:34:42 +0100,426," RIDE_ENTRY_FLAG_31 = 1 << 31, // 0x80000000                        ^"
713,openrct2/openrct2,90e9197d6e7f1aa62b659d1e15b30087e16f224f,src/interface/console.c,"static int cc_hide(const char **argv, int argc)
{
	console_close();
	return 0;
}
",2016-04-28 12:34:42 +0100,766," RIDE_TYPE_FLAG_SUPPORTS_MULTIPLE_TRACK_COLOUR = 1 << 31,                                                   ^"
714,openrct2/openrct2,90e9197d6e7f1aa62b659d1e15b30087e16f224f,src/interface/console.c,"static int cc_hide(const char **argv, int argc)
{
	console_close();
	return 0;
}
",2016-04-28 12:34:42 +0100,105, GAME_COMMAND_FLAG_NETWORKED = (1 << 31) // Game command is coming from network                                  ^
715,openrct2/openrct2,90e9197d6e7f1aa62b659d1e15b30087e16f224f,src/interface/console.c,"static int cc_hide(const char **argv, int argc)
{
	console_close();
	return 0;
}
",2016-04-28 12:34:42 +0100,795,  utf8* last_char = path + strlen(path)
716,openrct2/openrct2,90e9197d6e7f1aa62b659d1e15b30087e16f224f,src/interface/console.c,"static int cc_hide(const char **argv, int argc)
{
	console_close();
	return 0;
}
",2016-04-28 12:34:42 +0100,843,        scenerySetEntry = g_scenerySetEntries[entryGroupIndex]
717,openrct2/openrct2,90e9197d6e7f1aa62b659d1e15b30087e16f224f,src/interface/console.c,"static int cc_hide(const char **argv, int argc)
{
	console_close();
	return 0;
}
",2016-04-28 12:34:42 +0100,1048, bool inQuotes = false
718,openrct2/openrct2,cd7482b64cc8b55552909d38253468e712f166a9,src/interface/console.c,"static int cc_hide(const char **argv, int argc)
{
	console_close();
	return 0;
}
",2016-04-28 17:44:29 +0100,85," CURSOR_RELEASED = CURSOR_UP | CURSOR_CHANGED,                             ^"
719,openrct2/openrct2,cd7482b64cc8b55552909d38253468e712f166a9,src/interface/console.c,"static int cc_hide(const char **argv, int argc)
{
	console_close();
	return 0;
}
",2016-04-28 17:44:29 +0100,1077,"    argv = realloc(argv, argvCapacity * sizeof(utf8*))"
720,openrct2/openrct2,cd7482b64cc8b55552909d38253468e712f166a9,src/interface/console.c,"static int cc_hide(const char **argv, int argc)
{
	console_close();
	return 0;
}
",2016-04-28 17:44:29 +0100,585, int i
721,openrct2/openrct2,cd7482b64cc8b55552909d38253468e712f166a9,src/interface/console.c,"static int cc_hide(const char **argv, int argc)
{
	console_close();
	return 0;
}
",2016-04-28 17:44:29 +0100,825,        int rideType
722,openrct2/openrct2,cd7482b64cc8b55552909d38253468e712f166a9,src/interface/console.c,"static int cc_hide(const char **argv, int argc)
{
	console_close();
	return 0;
}
",2016-04-28 17:44:29 +0100,282, PEEP_FLAGS_TWITCH = (1 << 31)  // Added for twitch integration                        ^
723,openrct2/openrct2,cd7482b64cc8b55552909d38253468e712f166a9,src/interface/console.c,"static int cc_hide(const char **argv, int argc)
{
	console_close();
	return 0;
}
",2016-04-28 17:44:29 +0100,426," RIDE_ENTRY_FLAG_31 = 1 << 31, // 0x80000000                        ^"
724,openrct2/openrct2,cd7482b64cc8b55552909d38253468e712f166a9,src/interface/console.c,"static int cc_hide(const char **argv, int argc)
{
	console_close();
	return 0;
}
",2016-04-28 17:44:29 +0100,766," RIDE_TYPE_FLAG_SUPPORTS_MULTIPLE_TRACK_COLOUR = 1 << 31,                                                   ^"
725,openrct2/openrct2,cd7482b64cc8b55552909d38253468e712f166a9,src/interface/console.c,"static int cc_hide(const char **argv, int argc)
{
	console_close();
	return 0;
}
",2016-04-28 17:44:29 +0100,105, GAME_COMMAND_FLAG_NETWORKED = (1 << 31) // Game command is coming from network                                  ^
726,openrct2/openrct2,cd7482b64cc8b55552909d38253468e712f166a9,src/interface/console.c,"static int cc_hide(const char **argv, int argc)
{
	console_close();
	return 0;
}
",2016-04-28 17:44:29 +0100,282, PEEP_FLAGS_TWITCH = (1 << 31)  // Added for twitch integration                        ^
727,openrct2/openrct2,cd7482b64cc8b55552909d38253468e712f166a9,src/interface/console.c,"static int cc_hide(const char **argv, int argc)
{
	console_close();
	return 0;
}
",2016-04-28 17:44:29 +0100,426," RIDE_ENTRY_FLAG_31 = 1 << 31, // 0x80000000                        ^"
728,openrct2/openrct2,cd7482b64cc8b55552909d38253468e712f166a9,src/interface/console.c,"static int cc_hide(const char **argv, int argc)
{
	console_close();
	return 0;
}
",2016-04-28 17:44:29 +0100,766," RIDE_TYPE_FLAG_SUPPORTS_MULTIPLE_TRACK_COLOUR = 1 << 31,                                                   ^"
729,openrct2/openrct2,cd7482b64cc8b55552909d38253468e712f166a9,src/interface/console.c,"static int cc_hide(const char **argv, int argc)
{
	console_close();
	return 0;
}
",2016-04-28 17:44:29 +0100,105, GAME_COMMAND_FLAG_NETWORKED = (1 << 31) // Game command is coming from network                                  ^
730,openrct2/openrct2,cd7482b64cc8b55552909d38253468e712f166a9,src/interface/console.c,"static int cc_hide(const char **argv, int argc)
{
	console_close();
	return 0;
}
",2016-04-28 17:44:29 +0100,794,  utf8* last_char = path + strlen(path)
731,openrct2/openrct2,cd7482b64cc8b55552909d38253468e712f166a9,src/interface/console.c,"static int cc_hide(const char **argv, int argc)
{
	console_close();
	return 0;
}
",2016-04-28 17:44:29 +0100,842,        scenerySetEntry = g_scenerySetEntries[entryGroupIndex]
732,openrct2/openrct2,cd7482b64cc8b55552909d38253468e712f166a9,src/interface/console.c,"static int cc_hide(const char **argv, int argc)
{
	console_close();
	return 0;
}
",2016-04-28 17:44:29 +0100,1047, bool inQuotes = false
733,openrct2/openrct2,68bad6505c0fc232e1dd791df5344c6a7264f951,src/interface/console.c,"#pragma region Copyright (c) 2014-2016 OpenRCT2 Developers
 /*****************************************************************************
  * OpenRCT2, an open source clone of Roller Coaster Tycoon 2.
  *
  * OpenRCT2 is the work of many authors, a full list can be found in contributors.md
  * For more information, visit https://github.com/OpenRCT2/OpenRCT2
  *
  *
static int cc_hide(const char **argv, int argc)
{
	console_close();
	return 0;
}
",2016-05-04 18:24:41 +0100,81," CURSOR_RELEASED = CURSOR_UP | CURSOR_CHANGED,                             ^"
734,openrct2/openrct2,68bad6505c0fc232e1dd791df5344c6a7264f951,src/interface/console.c,"#pragma region Copyright (c) 2014-2016 OpenRCT2 Developers
 /*****************************************************************************
  * OpenRCT2, an open source clone of Roller Coaster Tycoon 2.
  *
  * OpenRCT2 is the work of many authors, a full list can be found in contributors.md
  * For more information, visit https://github.com/OpenRCT2/OpenRCT2
  *
  *
static int cc_hide(const char **argv, int argc)
{
	console_close();
	return 0;
}
",2016-05-04 18:24:41 +0100,1093,"    argv = realloc(argv, argvCapacity * sizeof(utf8*))"
735,openrct2/openrct2,68bad6505c0fc232e1dd791df5344c6a7264f951,src/interface/console.c,"#pragma region Copyright (c) 2014-2016 OpenRCT2 Developers
 /*****************************************************************************
  * OpenRCT2, an open source clone of Roller Coaster Tycoon 2.
  *
  * OpenRCT2 is the work of many authors, a full list can be found in contributors.md
  * For more information, visit https://github.com/OpenRCT2/OpenRCT2
  *
  *
static int cc_hide(const char **argv, int argc)
{
	console_close();
	return 0;
}
",2016-05-04 18:24:41 +0100,601, int i
736,openrct2/openrct2,68bad6505c0fc232e1dd791df5344c6a7264f951,src/interface/console.c,"#pragma region Copyright (c) 2014-2016 OpenRCT2 Developers
 /*****************************************************************************
  * OpenRCT2, an open source clone of Roller Coaster Tycoon 2.
  *
  * OpenRCT2 is the work of many authors, a full list can be found in contributors.md
  * For more information, visit https://github.com/OpenRCT2/OpenRCT2
  *
  *
static int cc_hide(const char **argv, int argc)
{
	console_close();
	return 0;
}
",2016-05-04 18:24:41 +0100,841,        int rideType
737,openrct2/openrct2,68bad6505c0fc232e1dd791df5344c6a7264f951,src/interface/console.c,"#pragma region Copyright (c) 2014-2016 OpenRCT2 Developers
 /*****************************************************************************
  * OpenRCT2, an open source clone of Roller Coaster Tycoon 2.
  *
  * OpenRCT2 is the work of many authors, a full list can be found in contributors.md
  * For more information, visit https://github.com/OpenRCT2/OpenRCT2
  *
  *
static int cc_hide(const char **argv, int argc)
{
	console_close();
	return 0;
}
",2016-05-04 18:24:41 +0100,278, PEEP_FLAGS_TWITCH = (1 << 31)  // Added for twitch integration                        ^
738,openrct2/openrct2,68bad6505c0fc232e1dd791df5344c6a7264f951,src/interface/console.c,"#pragma region Copyright (c) 2014-2016 OpenRCT2 Developers
 /*****************************************************************************
  * OpenRCT2, an open source clone of Roller Coaster Tycoon 2.
  *
  * OpenRCT2 is the work of many authors, a full list can be found in contributors.md
  * For more information, visit https://github.com/OpenRCT2/OpenRCT2
  *
  *
static int cc_hide(const char **argv, int argc)
{
	console_close();
	return 0;
}
",2016-05-04 18:24:41 +0100,423," RIDE_ENTRY_FLAG_31 = 1 << 31, // 0x80000000                        ^"
739,openrct2/openrct2,68bad6505c0fc232e1dd791df5344c6a7264f951,src/interface/console.c,"#pragma region Copyright (c) 2014-2016 OpenRCT2 Developers
 /*****************************************************************************
  * OpenRCT2, an open source clone of Roller Coaster Tycoon 2.
  *
  * OpenRCT2 is the work of many authors, a full list can be found in contributors.md
  * For more information, visit https://github.com/OpenRCT2/OpenRCT2
  *
  *
static int cc_hide(const char **argv, int argc)
{
	console_close();
	return 0;
}
",2016-05-04 18:24:41 +0100,763," RIDE_TYPE_FLAG_SUPPORTS_MULTIPLE_TRACK_COLOUR = 1 << 31,                                                   ^"
740,openrct2/openrct2,68bad6505c0fc232e1dd791df5344c6a7264f951,src/interface/console.c,"#pragma region Copyright (c) 2014-2016 OpenRCT2 Developers
 /*****************************************************************************
  * OpenRCT2, an open source clone of Roller Coaster Tycoon 2.
  *
  * OpenRCT2 is the work of many authors, a full list can be found in contributors.md
  * For more information, visit https://github.com/OpenRCT2/OpenRCT2
  *
  *
static int cc_hide(const char **argv, int argc)
{
	console_close();
	return 0;
}
",2016-05-04 18:24:41 +0100,102, GAME_COMMAND_FLAG_NETWORKED = (1 << 31) // Game command is coming from network                                  ^
741,openrct2/openrct2,68bad6505c0fc232e1dd791df5344c6a7264f951,src/interface/console.c,"#pragma region Copyright (c) 2014-2016 OpenRCT2 Developers
 /*****************************************************************************
  * OpenRCT2, an open source clone of Roller Coaster Tycoon 2.
  *
  * OpenRCT2 is the work of many authors, a full list can be found in contributors.md
  * For more information, visit https://github.com/OpenRCT2/OpenRCT2
  *
  *
static int cc_hide(const char **argv, int argc)
{
	console_close();
	return 0;
}
",2016-05-04 18:24:41 +0100,278, PEEP_FLAGS_TWITCH = (1 << 31)  // Added for twitch integration                        ^
742,openrct2/openrct2,68bad6505c0fc232e1dd791df5344c6a7264f951,src/interface/console.c,"#pragma region Copyright (c) 2014-2016 OpenRCT2 Developers
 /*****************************************************************************
  * OpenRCT2, an open source clone of Roller Coaster Tycoon 2.
  *
  * OpenRCT2 is the work of many authors, a full list can be found in contributors.md
  * For more information, visit https://github.com/OpenRCT2/OpenRCT2
  *
  *
static int cc_hide(const char **argv, int argc)
{
	console_close();
	return 0;
}
",2016-05-04 18:24:41 +0100,423," RIDE_ENTRY_FLAG_31 = 1 << 31, // 0x80000000                        ^"
743,openrct2/openrct2,68bad6505c0fc232e1dd791df5344c6a7264f951,src/interface/console.c,"#pragma region Copyright (c) 2014-2016 OpenRCT2 Developers
 /*****************************************************************************
  * OpenRCT2, an open source clone of Roller Coaster Tycoon 2.
  *
  * OpenRCT2 is the work of many authors, a full list can be found in contributors.md
  * For more information, visit https://github.com/OpenRCT2/OpenRCT2
  *
  *
static int cc_hide(const char **argv, int argc)
{
	console_close();
	return 0;
}
",2016-05-04 18:24:41 +0100,763," RIDE_TYPE_FLAG_SUPPORTS_MULTIPLE_TRACK_COLOUR = 1 << 31,                                                   ^"
744,openrct2/openrct2,68bad6505c0fc232e1dd791df5344c6a7264f951,src/interface/console.c,"#pragma region Copyright (c) 2014-2016 OpenRCT2 Developers
 /*****************************************************************************
  * OpenRCT2, an open source clone of Roller Coaster Tycoon 2.
  *
  * OpenRCT2 is the work of many authors, a full list can be found in contributors.md
  * For more information, visit https://github.com/OpenRCT2/OpenRCT2
  *
  *
static int cc_hide(const char **argv, int argc)
{
	console_close();
	return 0;
}
",2016-05-04 18:24:41 +0100,102, GAME_COMMAND_FLAG_NETWORKED = (1 << 31) // Game command is coming from network                                  ^
745,openrct2/openrct2,68bad6505c0fc232e1dd791df5344c6a7264f951,src/interface/console.c,"#pragma region Copyright (c) 2014-2016 OpenRCT2 Developers
 /*****************************************************************************
  * OpenRCT2, an open source clone of Roller Coaster Tycoon 2.
  *
  * OpenRCT2 is the work of many authors, a full list can be found in contributors.md
  * For more information, visit https://github.com/OpenRCT2/OpenRCT2
  *
  *
static int cc_hide(const char **argv, int argc)
{
	console_close();
	return 0;
}
",2016-05-04 18:24:41 +0100,810,  utf8* last_char = path + strlen(path)
746,openrct2/openrct2,68bad6505c0fc232e1dd791df5344c6a7264f951,src/interface/console.c,"#pragma region Copyright (c) 2014-2016 OpenRCT2 Developers
 /*****************************************************************************
  * OpenRCT2, an open source clone of Roller Coaster Tycoon 2.
  *
  * OpenRCT2 is the work of many authors, a full list can be found in contributors.md
  * For more information, visit https://github.com/OpenRCT2/OpenRCT2
  *
  *
static int cc_hide(const char **argv, int argc)
{
	console_close();
	return 0;
}
",2016-05-04 18:24:41 +0100,858,        scenerySetEntry = g_scenerySetEntries[entryGroupIndex]
747,openrct2/openrct2,68bad6505c0fc232e1dd791df5344c6a7264f951,src/interface/console.c,"#pragma region Copyright (c) 2014-2016 OpenRCT2 Developers
 /*****************************************************************************
  * OpenRCT2, an open source clone of Roller Coaster Tycoon 2.
  *
  * OpenRCT2 is the work of many authors, a full list can be found in contributors.md
  * For more information, visit https://github.com/OpenRCT2/OpenRCT2
  *
  *
static int cc_hide(const char **argv, int argc)
{
	console_close();
	return 0;
}
",2016-05-04 18:24:41 +0100,1063, bool inQuotes = false
748,openrct2/openrct2,658e877955ec4790466a429f13e1178f1640754d,src/interface/console.c,"static int cc_hide(const char **argv, int argc)
{
	console_close();
	return 0;
}
",2016-05-12 22:57:40 +0100,81," CURSOR_RELEASED = CURSOR_UP | CURSOR_CHANGED,                             ^"
749,openrct2/openrct2,658e877955ec4790466a429f13e1178f1640754d,src/interface/console.c,"static int cc_hide(const char **argv, int argc)
{
	console_close();
	return 0;
}
",2016-05-12 22:57:40 +0100,1093,"    argv = realloc(argv, argvCapacity * sizeof(utf8*))"
750,openrct2/openrct2,658e877955ec4790466a429f13e1178f1640754d,src/interface/console.c,"static int cc_hide(const char **argv, int argc)
{
	console_close();
	return 0;
}
",2016-05-12 22:57:40 +0100,601, int i
751,openrct2/openrct2,658e877955ec4790466a429f13e1178f1640754d,src/interface/console.c,"static int cc_hide(const char **argv, int argc)
{
	console_close();
	return 0;
}
",2016-05-12 22:57:40 +0100,841,        int rideType
752,openrct2/openrct2,658e877955ec4790466a429f13e1178f1640754d,src/interface/console.c,"static int cc_hide(const char **argv, int argc)
{
	console_close();
	return 0;
}
",2016-05-12 22:57:40 +0100,278, PEEP_FLAGS_TWITCH = (1 << 31)  // Added for twitch integration                        ^
753,openrct2/openrct2,658e877955ec4790466a429f13e1178f1640754d,src/interface/console.c,"static int cc_hide(const char **argv, int argc)
{
	console_close();
	return 0;
}
",2016-05-12 22:57:40 +0100,423," RIDE_ENTRY_FLAG_31 = 1 << 31, // 0x80000000                        ^"
754,openrct2/openrct2,658e877955ec4790466a429f13e1178f1640754d,src/interface/console.c,"static int cc_hide(const char **argv, int argc)
{
	console_close();
	return 0;
}
",2016-05-12 22:57:40 +0100,763," RIDE_TYPE_FLAG_SUPPORTS_MULTIPLE_TRACK_COLOUR = 1 << 31,                                                   ^"
755,openrct2/openrct2,658e877955ec4790466a429f13e1178f1640754d,src/interface/console.c,"static int cc_hide(const char **argv, int argc)
{
	console_close();
	return 0;
}
",2016-05-12 22:57:40 +0100,102, GAME_COMMAND_FLAG_NETWORKED = (1 << 31) // Game command is coming from network                                  ^
756,openrct2/openrct2,658e877955ec4790466a429f13e1178f1640754d,src/interface/console.c,"static int cc_hide(const char **argv, int argc)
{
	console_close();
	return 0;
}
",2016-05-12 22:57:40 +0100,157, TRACK_FLAGS2_SIX_FLAGS_RIDE_DEPRECATED = (1 << 31)  // Not used anymore.                                             ^
757,openrct2/openrct2,658e877955ec4790466a429f13e1178f1640754d,src/interface/console.c,"static int cc_hide(const char **argv, int argc)
{
	console_close();
	return 0;
}
",2016-05-12 22:57:40 +0100,278, PEEP_FLAGS_TWITCH = (1 << 31)  // Added for twitch integration                        ^
758,openrct2/openrct2,658e877955ec4790466a429f13e1178f1640754d,src/interface/console.c,"static int cc_hide(const char **argv, int argc)
{
	console_close();
	return 0;
}
",2016-05-12 22:57:40 +0100,423," RIDE_ENTRY_FLAG_31 = 1 << 31, // 0x80000000                        ^"
759,openrct2/openrct2,658e877955ec4790466a429f13e1178f1640754d,src/interface/console.c,"static int cc_hide(const char **argv, int argc)
{
	console_close();
	return 0;
}
",2016-05-12 22:57:40 +0100,763," RIDE_TYPE_FLAG_SUPPORTS_MULTIPLE_TRACK_COLOUR = 1 << 31,                                                   ^"
760,openrct2/openrct2,658e877955ec4790466a429f13e1178f1640754d,src/interface/console.c,"static int cc_hide(const char **argv, int argc)
{
	console_close();
	return 0;
}
",2016-05-12 22:57:40 +0100,102, GAME_COMMAND_FLAG_NETWORKED = (1 << 31) // Game command is coming from network                                  ^
761,openrct2/openrct2,658e877955ec4790466a429f13e1178f1640754d,src/interface/console.c,"static int cc_hide(const char **argv, int argc)
{
	console_close();
	return 0;
}
",2016-05-12 22:57:40 +0100,157, TRACK_FLAGS2_SIX_FLAGS_RIDE_DEPRECATED = (1 << 31)  // Not used anymore.                                             ^
762,openrct2/openrct2,658e877955ec4790466a429f13e1178f1640754d,src/interface/console.c,"static int cc_hide(const char **argv, int argc)
{
	console_close();
	return 0;
}
",2016-05-12 22:57:40 +0100,810,  utf8* last_char = path + strlen(path)
763,openrct2/openrct2,658e877955ec4790466a429f13e1178f1640754d,src/interface/console.c,"static int cc_hide(const char **argv, int argc)
{
	console_close();
	return 0;
}
",2016-05-12 22:57:40 +0100,858,        scenerySetEntry = g_scenerySetEntries[entryGroupIndex]
764,openrct2/openrct2,658e877955ec4790466a429f13e1178f1640754d,src/interface/console.c,"static int cc_hide(const char **argv, int argc)
{
	console_close();
	return 0;
}
",2016-05-12 22:57:40 +0100,1063, bool inQuotes = false
765,openrct2/openrct2,ca430e1b23c03dc5917614622ff20470d7741385,src/interface/console.c,"static int cc_hide(const char **argv, int argc)
{
	console_close();
	return 0;
}
",2016-05-13 18:21:58 +0100,81," CURSOR_RELEASED = CURSOR_UP | CURSOR_CHANGED,                             ^"
766,openrct2/openrct2,ca430e1b23c03dc5917614622ff20470d7741385,src/interface/console.c,"static int cc_hide(const char **argv, int argc)
{
	console_close();
	return 0;
}
",2016-05-13 18:21:58 +0100,1090,"    argv = realloc(argv, argvCapacity * sizeof(utf8*))"
767,openrct2/openrct2,ca430e1b23c03dc5917614622ff20470d7741385,src/interface/console.c,"static int cc_hide(const char **argv, int argc)
{
	console_close();
	return 0;
}
",2016-05-13 18:21:58 +0100,600, int i
768,openrct2/openrct2,ca430e1b23c03dc5917614622ff20470d7741385,src/interface/console.c,"static int cc_hide(const char **argv, int argc)
{
	console_close();
	return 0;
}
",2016-05-13 18:21:58 +0100,838,        int rideType
769,openrct2/openrct2,ca430e1b23c03dc5917614622ff20470d7741385,src/interface/console.c,"static int cc_hide(const char **argv, int argc)
{
	console_close();
	return 0;
}
",2016-05-13 18:21:58 +0100,278, PEEP_FLAGS_TWITCH = (1 << 31)  // Added for twitch integration                        ^
770,openrct2/openrct2,ca430e1b23c03dc5917614622ff20470d7741385,src/interface/console.c,"static int cc_hide(const char **argv, int argc)
{
	console_close();
	return 0;
}
",2016-05-13 18:21:58 +0100,423," RIDE_ENTRY_FLAG_31 = 1 << 31, // 0x80000000                        ^"
771,openrct2/openrct2,ca430e1b23c03dc5917614622ff20470d7741385,src/interface/console.c,"static int cc_hide(const char **argv, int argc)
{
	console_close();
	return 0;
}
",2016-05-13 18:21:58 +0100,763," RIDE_TYPE_FLAG_SUPPORTS_MULTIPLE_TRACK_COLOUR = 1 << 31,                                                   ^"
772,openrct2/openrct2,ca430e1b23c03dc5917614622ff20470d7741385,src/interface/console.c,"static int cc_hide(const char **argv, int argc)
{
	console_close();
	return 0;
}
",2016-05-13 18:21:58 +0100,102, GAME_COMMAND_FLAG_NETWORKED = (1 << 31) // Game command is coming from network                                  ^
773,openrct2/openrct2,ca430e1b23c03dc5917614622ff20470d7741385,src/interface/console.c,"static int cc_hide(const char **argv, int argc)
{
	console_close();
	return 0;
}
",2016-05-13 18:21:58 +0100,157, TRACK_FLAGS2_SIX_FLAGS_RIDE_DEPRECATED = (1 << 31)  // Not used anymore.                                             ^
774,openrct2/openrct2,ca430e1b23c03dc5917614622ff20470d7741385,src/interface/console.c,"static int cc_hide(const char **argv, int argc)
{
	console_close();
	return 0;
}
",2016-05-13 18:21:58 +0100,278, PEEP_FLAGS_TWITCH = (1 << 31)  // Added for twitch integration                        ^
775,openrct2/openrct2,ca430e1b23c03dc5917614622ff20470d7741385,src/interface/console.c,"static int cc_hide(const char **argv, int argc)
{
	console_close();
	return 0;
}
",2016-05-13 18:21:58 +0100,423," RIDE_ENTRY_FLAG_31 = 1 << 31, // 0x80000000                        ^"
776,openrct2/openrct2,ca430e1b23c03dc5917614622ff20470d7741385,src/interface/console.c,"static int cc_hide(const char **argv, int argc)
{
	console_close();
	return 0;
}
",2016-05-13 18:21:58 +0100,763," RIDE_TYPE_FLAG_SUPPORTS_MULTIPLE_TRACK_COLOUR = 1 << 31,                                                   ^"
777,openrct2/openrct2,ca430e1b23c03dc5917614622ff20470d7741385,src/interface/console.c,"static int cc_hide(const char **argv, int argc)
{
	console_close();
	return 0;
}
",2016-05-13 18:21:58 +0100,102, GAME_COMMAND_FLAG_NETWORKED = (1 << 31) // Game command is coming from network                                  ^
778,openrct2/openrct2,ca430e1b23c03dc5917614622ff20470d7741385,src/interface/console.c,"static int cc_hide(const char **argv, int argc)
{
	console_close();
	return 0;
}
",2016-05-13 18:21:58 +0100,157, TRACK_FLAGS2_SIX_FLAGS_RIDE_DEPRECATED = (1 << 31)  // Not used anymore.                                             ^
779,openrct2/openrct2,ca430e1b23c03dc5917614622ff20470d7741385,src/interface/console.c,"static int cc_hide(const char **argv, int argc)
{
	console_close();
	return 0;
}
",2016-05-13 18:21:58 +0100,855,        scenerySetEntry = g_scenerySetEntries[entryGroupIndex]
780,openrct2/openrct2,ca430e1b23c03dc5917614622ff20470d7741385,src/interface/console.c,"static int cc_hide(const char **argv, int argc)
{
	console_close();
	return 0;
}
",2016-05-13 18:21:58 +0100,1060, bool inQuotes = false
781,openrct2/openrct2,3d47f9869ff5d95757df9bf544809269cbf5b412,src/interface/console.c,"static int cc_hide(const char **argv, int argc)
{
	console_close();
	return 0;
}
",2016-05-15 16:09:26 +0100,81," CURSOR_RELEASED = CURSOR_UP | CURSOR_CHANGED,                             ^"
782,openrct2/openrct2,3d47f9869ff5d95757df9bf544809269cbf5b412,src/interface/console.c,"static int cc_hide(const char **argv, int argc)
{
	console_close();
	return 0;
}
",2016-05-15 16:09:26 +0100,1090,"    argv = realloc(argv, argvCapacity * sizeof(utf8*))"
783,openrct2/openrct2,3d47f9869ff5d95757df9bf544809269cbf5b412,src/interface/console.c,"static int cc_hide(const char **argv, int argc)
{
	console_close();
	return 0;
}
",2016-05-15 16:09:26 +0100,600, int i
784,openrct2/openrct2,3d47f9869ff5d95757df9bf544809269cbf5b412,src/interface/console.c,"static int cc_hide(const char **argv, int argc)
{
	console_close();
	return 0;
}
",2016-05-15 16:09:26 +0100,838,        int rideType
785,openrct2/openrct2,3d47f9869ff5d95757df9bf544809269cbf5b412,src/interface/console.c,"static int cc_hide(const char **argv, int argc)
{
	console_close();
	return 0;
}
",2016-05-15 16:09:26 +0100,278, PEEP_FLAGS_TWITCH = (1 << 31)  // Added for twitch integration                        ^
786,openrct2/openrct2,3d47f9869ff5d95757df9bf544809269cbf5b412,src/interface/console.c,"static int cc_hide(const char **argv, int argc)
{
	console_close();
	return 0;
}
",2016-05-15 16:09:26 +0100,423," RIDE_ENTRY_FLAG_31 = 1 << 31, // 0x80000000                        ^"
787,openrct2/openrct2,3d47f9869ff5d95757df9bf544809269cbf5b412,src/interface/console.c,"static int cc_hide(const char **argv, int argc)
{
	console_close();
	return 0;
}
",2016-05-15 16:09:26 +0100,763," RIDE_TYPE_FLAG_SUPPORTS_MULTIPLE_TRACK_COLOUR = 1 << 31,                                                   ^"
788,openrct2/openrct2,3d47f9869ff5d95757df9bf544809269cbf5b412,src/interface/console.c,"static int cc_hide(const char **argv, int argc)
{
	console_close();
	return 0;
}
",2016-05-15 16:09:26 +0100,102, GAME_COMMAND_FLAG_NETWORKED = (1 << 31) // Game command is coming from network                                  ^
789,openrct2/openrct2,3d47f9869ff5d95757df9bf544809269cbf5b412,src/interface/console.c,"static int cc_hide(const char **argv, int argc)
{
	console_close();
	return 0;
}
",2016-05-15 16:09:26 +0100,157, TRACK_FLAGS2_SIX_FLAGS_RIDE_DEPRECATED = (1 << 31)  // Not used anymore.                                             ^
790,openrct2/openrct2,3d47f9869ff5d95757df9bf544809269cbf5b412,src/interface/console.c,"static int cc_hide(const char **argv, int argc)
{
	console_close();
	return 0;
}
",2016-05-15 16:09:26 +0100,278, PEEP_FLAGS_TWITCH = (1 << 31)  // Added for twitch integration                        ^
791,openrct2/openrct2,3d47f9869ff5d95757df9bf544809269cbf5b412,src/interface/console.c,"static int cc_hide(const char **argv, int argc)
{
	console_close();
	return 0;
}
",2016-05-15 16:09:26 +0100,423," RIDE_ENTRY_FLAG_31 = 1 << 31, // 0x80000000                        ^"
792,openrct2/openrct2,3d47f9869ff5d95757df9bf544809269cbf5b412,src/interface/console.c,"static int cc_hide(const char **argv, int argc)
{
	console_close();
	return 0;
}
",2016-05-15 16:09:26 +0100,763," RIDE_TYPE_FLAG_SUPPORTS_MULTIPLE_TRACK_COLOUR = 1 << 31,                                                   ^"
793,openrct2/openrct2,3d47f9869ff5d95757df9bf544809269cbf5b412,src/interface/console.c,"static int cc_hide(const char **argv, int argc)
{
	console_close();
	return 0;
}
",2016-05-15 16:09:26 +0100,102, GAME_COMMAND_FLAG_NETWORKED = (1 << 31) // Game command is coming from network                                  ^
794,openrct2/openrct2,3d47f9869ff5d95757df9bf544809269cbf5b412,src/interface/console.c,"static int cc_hide(const char **argv, int argc)
{
	console_close();
	return 0;
}
",2016-05-15 16:09:26 +0100,157, TRACK_FLAGS2_SIX_FLAGS_RIDE_DEPRECATED = (1 << 31)  // Not used anymore.                                             ^
795,openrct2/openrct2,3d47f9869ff5d95757df9bf544809269cbf5b412,src/interface/console.c,"static int cc_hide(const char **argv, int argc)
{
	console_close();
	return 0;
}
",2016-05-15 16:09:26 +0100,855,        scenerySetEntry = get_scenery_group_entry(entryGroupIndex)
796,openrct2/openrct2,3d47f9869ff5d95757df9bf544809269cbf5b412,src/interface/console.c,"static int cc_hide(const char **argv, int argc)
{
	console_close();
	return 0;
}
",2016-05-15 16:09:26 +0100,1060, bool inQuotes = false
797,openrct2/openrct2,beb8e410568eaa6f86403d94ef69ab2f624e8732,src/interface/console.c,"static int cc_hide(const char **argv, int argc)
{
	console_close();
	return 0;
}
",2016-05-18 20:57:11 +0100,81," CURSOR_RELEASED = CURSOR_UP | CURSOR_CHANGED,                             ^"
798,openrct2/openrct2,beb8e410568eaa6f86403d94ef69ab2f624e8732,src/interface/console.c,"static int cc_hide(const char **argv, int argc)
{
	console_close();
	return 0;
}
",2016-05-18 20:57:11 +0100,1090,"    argv = realloc(argv, argvCapacity * sizeof(utf8*))"
799,openrct2/openrct2,beb8e410568eaa6f86403d94ef69ab2f624e8732,src/interface/console.c,"static int cc_hide(const char **argv, int argc)
{
	console_close();
	return 0;
}
",2016-05-18 20:57:11 +0100,600, int i
800,openrct2/openrct2,beb8e410568eaa6f86403d94ef69ab2f624e8732,src/interface/console.c,"static int cc_hide(const char **argv, int argc)
{
	console_close();
	return 0;
}
",2016-05-18 20:57:11 +0100,838,        int rideType
801,openrct2/openrct2,beb8e410568eaa6f86403d94ef69ab2f624e8732,src/interface/console.c,"static int cc_hide(const char **argv, int argc)
{
	console_close();
	return 0;
}
",2016-05-18 20:57:11 +0100,278, PEEP_FLAGS_TWITCH = (1 << 31)  // Added for twitch integration                        ^
802,openrct2/openrct2,beb8e410568eaa6f86403d94ef69ab2f624e8732,src/interface/console.c,"static int cc_hide(const char **argv, int argc)
{
	console_close();
	return 0;
}
",2016-05-18 20:57:11 +0100,423," RIDE_ENTRY_FLAG_31 = 1 << 31, // 0x80000000                        ^"
803,openrct2/openrct2,beb8e410568eaa6f86403d94ef69ab2f624e8732,src/interface/console.c,"static int cc_hide(const char **argv, int argc)
{
	console_close();
	return 0;
}
",2016-05-18 20:57:11 +0100,763," RIDE_TYPE_FLAG_SUPPORTS_MULTIPLE_TRACK_COLOUR = 1 << 31,                                                   ^"
804,openrct2/openrct2,beb8e410568eaa6f86403d94ef69ab2f624e8732,src/interface/console.c,"static int cc_hide(const char **argv, int argc)
{
	console_close();
	return 0;
}
",2016-05-18 20:57:11 +0100,102, GAME_COMMAND_FLAG_NETWORKED = (1 << 31) // Game command is coming from network                                  ^
805,openrct2/openrct2,beb8e410568eaa6f86403d94ef69ab2f624e8732,src/interface/console.c,"static int cc_hide(const char **argv, int argc)
{
	console_close();
	return 0;
}
",2016-05-18 20:57:11 +0100,157, TRACK_FLAGS2_SIX_FLAGS_RIDE_DEPRECATED = (1 << 31)  // Not used anymore.                                             ^
806,openrct2/openrct2,beb8e410568eaa6f86403d94ef69ab2f624e8732,src/interface/console.c,"static int cc_hide(const char **argv, int argc)
{
	console_close();
	return 0;
}
",2016-05-18 20:57:11 +0100,278, PEEP_FLAGS_TWITCH = (1 << 31)  // Added for twitch integration                        ^
807,openrct2/openrct2,beb8e410568eaa6f86403d94ef69ab2f624e8732,src/interface/console.c,"static int cc_hide(const char **argv, int argc)
{
	console_close();
	return 0;
}
",2016-05-18 20:57:11 +0100,423," RIDE_ENTRY_FLAG_31 = 1 << 31, // 0x80000000                        ^"
808,openrct2/openrct2,beb8e410568eaa6f86403d94ef69ab2f624e8732,src/interface/console.c,"static int cc_hide(const char **argv, int argc)
{
	console_close();
	return 0;
}
",2016-05-18 20:57:11 +0100,763," RIDE_TYPE_FLAG_SUPPORTS_MULTIPLE_TRACK_COLOUR = 1 << 31,                                                   ^"
809,openrct2/openrct2,beb8e410568eaa6f86403d94ef69ab2f624e8732,src/interface/console.c,"static int cc_hide(const char **argv, int argc)
{
	console_close();
	return 0;
}
",2016-05-18 20:57:11 +0100,102, GAME_COMMAND_FLAG_NETWORKED = (1 << 31) // Game command is coming from network                                  ^
810,openrct2/openrct2,beb8e410568eaa6f86403d94ef69ab2f624e8732,src/interface/console.c,"static int cc_hide(const char **argv, int argc)
{
	console_close();
	return 0;
}
",2016-05-18 20:57:11 +0100,157, TRACK_FLAGS2_SIX_FLAGS_RIDE_DEPRECATED = (1 << 31)  // Not used anymore.                                             ^
811,openrct2/openrct2,beb8e410568eaa6f86403d94ef69ab2f624e8732,src/interface/console.c,"static int cc_hide(const char **argv, int argc)
{
	console_close();
	return 0;
}
",2016-05-18 20:57:11 +0100,855,        scenerySetEntry = get_scenery_group_entry(entryGroupIndex)
812,openrct2/openrct2,beb8e410568eaa6f86403d94ef69ab2f624e8732,src/interface/console.c,"static int cc_hide(const char **argv, int argc)
{
	console_close();
	return 0;
}
",2016-05-18 20:57:11 +0100,1060, bool inQuotes = false
813,openrct2/openrct2,ea7e91abbc227b09fed103da394b355c1cf5ecb7,src/interface/console.c,"static int cc_hide(const char **argv, int argc)
{
	console_close();
	return 0;
}
",2016-05-19 21:30:32 +0100,81," CURSOR_RELEASED = CURSOR_UP | CURSOR_CHANGED,                             ^"
814,openrct2/openrct2,ea7e91abbc227b09fed103da394b355c1cf5ecb7,src/interface/console.c,"static int cc_hide(const char **argv, int argc)
{
	console_close();
	return 0;
}
",2016-05-19 21:30:32 +0100,1127,"    argv = realloc(argv, argvCapacity * sizeof(utf8*))"
815,openrct2/openrct2,ea7e91abbc227b09fed103da394b355c1cf5ecb7,src/interface/console.c,"static int cc_hide(const char **argv, int argc)
{
	console_close();
	return 0;
}
",2016-05-19 21:30:32 +0100,488,"   FOR_ALL_STAFF(i, peep) {   ^"
816,openrct2/openrct2,ea7e91abbc227b09fed103da394b355c1cf5ecb7,src/interface/console.c,"static int cc_hide(const char **argv, int argc)
{
	console_close();
	return 0;
}
",2016-05-19 21:30:32 +0100,636, int i
817,openrct2/openrct2,ea7e91abbc227b09fed103da394b355c1cf5ecb7,src/interface/console.c,"static int cc_hide(const char **argv, int argc)
{
	console_close();
	return 0;
}
",2016-05-19 21:30:32 +0100,874,        int rideType
818,openrct2/openrct2,ea7e91abbc227b09fed103da394b355c1cf5ecb7,src/interface/console.c,"static int cc_hide(const char **argv, int argc)
{
	console_close();
	return 0;
}
",2016-05-19 21:30:32 +0100,278, PEEP_FLAGS_TWITCH = (1 << 31)  // Added for twitch integration                        ^
819,openrct2/openrct2,ea7e91abbc227b09fed103da394b355c1cf5ecb7,src/interface/console.c,"static int cc_hide(const char **argv, int argc)
{
	console_close();
	return 0;
}
",2016-05-19 21:30:32 +0100,423," RIDE_ENTRY_FLAG_31 = 1 << 31, // 0x80000000                        ^"
820,openrct2/openrct2,ea7e91abbc227b09fed103da394b355c1cf5ecb7,src/interface/console.c,"static int cc_hide(const char **argv, int argc)
{
	console_close();
	return 0;
}
",2016-05-19 21:30:32 +0100,763," RIDE_TYPE_FLAG_SUPPORTS_MULTIPLE_TRACK_COLOUR = 1 << 31,                                                   ^"
821,openrct2/openrct2,ea7e91abbc227b09fed103da394b355c1cf5ecb7,src/interface/console.c,"static int cc_hide(const char **argv, int argc)
{
	console_close();
	return 0;
}
",2016-05-19 21:30:32 +0100,102, GAME_COMMAND_FLAG_NETWORKED = (1 << 31) // Game command is coming from network                                  ^
822,openrct2/openrct2,ea7e91abbc227b09fed103da394b355c1cf5ecb7,src/interface/console.c,"static int cc_hide(const char **argv, int argc)
{
	console_close();
	return 0;
}
",2016-05-19 21:30:32 +0100,157, TRACK_FLAGS2_SIX_FLAGS_RIDE_DEPRECATED = (1 << 31)  // Not used anymore.                                             ^
823,openrct2/openrct2,ea7e91abbc227b09fed103da394b355c1cf5ecb7,src/interface/console.c,"static int cc_hide(const char **argv, int argc)
{
	console_close();
	return 0;
}
",2016-05-19 21:30:32 +0100,278, PEEP_FLAGS_TWITCH = (1 << 31)  // Added for twitch integration                        ^
824,openrct2/openrct2,ea7e91abbc227b09fed103da394b355c1cf5ecb7,src/interface/console.c,"static int cc_hide(const char **argv, int argc)
{
	console_close();
	return 0;
}
",2016-05-19 21:30:32 +0100,423," RIDE_ENTRY_FLAG_31 = 1 << 31, // 0x80000000                        ^"
825,openrct2/openrct2,ea7e91abbc227b09fed103da394b355c1cf5ecb7,src/interface/console.c,"static int cc_hide(const char **argv, int argc)
{
	console_close();
	return 0;
}
",2016-05-19 21:30:32 +0100,763," RIDE_TYPE_FLAG_SUPPORTS_MULTIPLE_TRACK_COLOUR = 1 << 31,                                                   ^"
826,openrct2/openrct2,ea7e91abbc227b09fed103da394b355c1cf5ecb7,src/interface/console.c,"static int cc_hide(const char **argv, int argc)
{
	console_close();
	return 0;
}
",2016-05-19 21:30:32 +0100,102, GAME_COMMAND_FLAG_NETWORKED = (1 << 31) // Game command is coming from network                                  ^
827,openrct2/openrct2,ea7e91abbc227b09fed103da394b355c1cf5ecb7,src/interface/console.c,"static int cc_hide(const char **argv, int argc)
{
	console_close();
	return 0;
}
",2016-05-19 21:30:32 +0100,157, TRACK_FLAGS2_SIX_FLAGS_RIDE_DEPRECATED = (1 << 31)  // Not used anymore.                                             ^
828,openrct2/openrct2,ea7e91abbc227b09fed103da394b355c1cf5ecb7,src/interface/console.c,"static int cc_hide(const char **argv, int argc)
{
	console_close();
	return 0;
}
",2016-05-19 21:30:32 +0100,891,        scenerySetEntry = get_scenery_group_entry(entryGroupIndex)
829,openrct2/openrct2,ea7e91abbc227b09fed103da394b355c1cf5ecb7,src/interface/console.c,"static int cc_hide(const char **argv, int argc)
{
	console_close();
	return 0;
}
",2016-05-19 21:30:32 +0100,1097, bool inQuotes = false
830,openrct2/openrct2,603a2555677e4734cc4a65459f3cb7e2d6915042,src/interface/console.c,"static int cc_hide(const char **argv, int argc)
{
	console_close();
	return 0;
}
",2016-05-23 10:29:11 +0100,81," CURSOR_RELEASED = CURSOR_UP | CURSOR_CHANGED,                             ^"
831,openrct2/openrct2,603a2555677e4734cc4a65459f3cb7e2d6915042,src/interface/console.c,"static int cc_hide(const char **argv, int argc)
{
	console_close();
	return 0;
}
",2016-05-23 10:29:11 +0100,1136,"    argv = realloc(argv, argvCapacity * sizeof(utf8*))"
832,openrct2/openrct2,603a2555677e4734cc4a65459f3cb7e2d6915042,src/interface/console.c,"static int cc_hide(const char **argv, int argc)
{
	console_close();
	return 0;
}
",2016-05-23 10:29:11 +0100,489,"   FOR_ALL_STAFF(i, peep) {   ^"
833,openrct2/openrct2,603a2555677e4734cc4a65459f3cb7e2d6915042,src/interface/console.c,"static int cc_hide(const char **argv, int argc)
{
	console_close();
	return 0;
}
",2016-05-23 10:29:11 +0100,640, int i
834,openrct2/openrct2,603a2555677e4734cc4a65459f3cb7e2d6915042,src/interface/console.c,"static int cc_hide(const char **argv, int argc)
{
	console_close();
	return 0;
}
",2016-05-23 10:29:11 +0100,883,        int rideType
835,openrct2/openrct2,603a2555677e4734cc4a65459f3cb7e2d6915042,src/interface/console.c,"static int cc_hide(const char **argv, int argc)
{
	console_close();
	return 0;
}
",2016-05-23 10:29:11 +0100,278, PEEP_FLAGS_TWITCH = (1 << 31)  // Added for twitch integration                        ^
836,openrct2/openrct2,603a2555677e4734cc4a65459f3cb7e2d6915042,src/interface/console.c,"static int cc_hide(const char **argv, int argc)
{
	console_close();
	return 0;
}
",2016-05-23 10:29:11 +0100,423," RIDE_ENTRY_FLAG_31 = 1 << 31, // 0x80000000                        ^"
837,openrct2/openrct2,603a2555677e4734cc4a65459f3cb7e2d6915042,src/interface/console.c,"static int cc_hide(const char **argv, int argc)
{
	console_close();
	return 0;
}
",2016-05-23 10:29:11 +0100,763," RIDE_TYPE_FLAG_SUPPORTS_MULTIPLE_TRACK_COLOUR = 1 << 31,                                                   ^"
838,openrct2/openrct2,603a2555677e4734cc4a65459f3cb7e2d6915042,src/interface/console.c,"static int cc_hide(const char **argv, int argc)
{
	console_close();
	return 0;
}
",2016-05-23 10:29:11 +0100,102, GAME_COMMAND_FLAG_NETWORKED = (1 << 31) // Game command is coming from network                                  ^
839,openrct2/openrct2,603a2555677e4734cc4a65459f3cb7e2d6915042,src/interface/console.c,"static int cc_hide(const char **argv, int argc)
{
	console_close();
	return 0;
}
",2016-05-23 10:29:11 +0100,157, TRACK_FLAGS2_SIX_FLAGS_RIDE_DEPRECATED = (1 << 31)  // Not used anymore.                                             ^
840,openrct2/openrct2,603a2555677e4734cc4a65459f3cb7e2d6915042,src/interface/console.c,"static int cc_hide(const char **argv, int argc)
{
	console_close();
	return 0;
}
",2016-05-23 10:29:11 +0100,278, PEEP_FLAGS_TWITCH = (1 << 31)  // Added for twitch integration                        ^
841,openrct2/openrct2,603a2555677e4734cc4a65459f3cb7e2d6915042,src/interface/console.c,"static int cc_hide(const char **argv, int argc)
{
	console_close();
	return 0;
}
",2016-05-23 10:29:11 +0100,423," RIDE_ENTRY_FLAG_31 = 1 << 31, // 0x80000000                        ^"
842,openrct2/openrct2,603a2555677e4734cc4a65459f3cb7e2d6915042,src/interface/console.c,"static int cc_hide(const char **argv, int argc)
{
	console_close();
	return 0;
}
",2016-05-23 10:29:11 +0100,763," RIDE_TYPE_FLAG_SUPPORTS_MULTIPLE_TRACK_COLOUR = 1 << 31,                                                   ^"
843,openrct2/openrct2,603a2555677e4734cc4a65459f3cb7e2d6915042,src/interface/console.c,"static int cc_hide(const char **argv, int argc)
{
	console_close();
	return 0;
}
",2016-05-23 10:29:11 +0100,102, GAME_COMMAND_FLAG_NETWORKED = (1 << 31) // Game command is coming from network                                  ^
844,openrct2/openrct2,603a2555677e4734cc4a65459f3cb7e2d6915042,src/interface/console.c,"static int cc_hide(const char **argv, int argc)
{
	console_close();
	return 0;
}
",2016-05-23 10:29:11 +0100,157, TRACK_FLAGS2_SIX_FLAGS_RIDE_DEPRECATED = (1 << 31)  // Not used anymore.                                             ^
845,openrct2/openrct2,603a2555677e4734cc4a65459f3cb7e2d6915042,src/interface/console.c,"static int cc_hide(const char **argv, int argc)
{
	console_close();
	return 0;
}
",2016-05-23 10:29:11 +0100,900,        scenerySetEntry = get_scenery_group_entry(entryGroupIndex)
846,openrct2/openrct2,603a2555677e4734cc4a65459f3cb7e2d6915042,src/interface/console.c,"static int cc_hide(const char **argv, int argc)
{
	console_close();
	return 0;
}
",2016-05-23 10:29:11 +0100,1106, bool inQuotes = false
847,openrct2/openrct2,3f9afb97445a067f300e5f98954fccca89c5d467,src/interface/console.c,"static int cc_hide(const char **argv, int argc)
{
	console_close();
	return 0;
}
",2016-05-26 09:49:19 +0200,81," CURSOR_RELEASED = CURSOR_UP | CURSOR_CHANGED,                             ^"
848,openrct2/openrct2,3f9afb97445a067f300e5f98954fccca89c5d467,src/interface/console.c,"static int cc_hide(const char **argv, int argc)
{
	console_close();
	return 0;
}
",2016-05-26 09:49:19 +0200,1136,"    argv = realloc(argv, argvCapacity * sizeof(utf8*))"
849,openrct2/openrct2,3f9afb97445a067f300e5f98954fccca89c5d467,src/interface/console.c,"static int cc_hide(const char **argv, int argc)
{
	console_close();
	return 0;
}
",2016-05-26 09:49:19 +0200,489,"   FOR_ALL_STAFF(i, peep) {   ^"
850,openrct2/openrct2,3f9afb97445a067f300e5f98954fccca89c5d467,src/interface/console.c,"static int cc_hide(const char **argv, int argc)
{
	console_close();
	return 0;
}
",2016-05-26 09:49:19 +0200,640, int i
851,openrct2/openrct2,3f9afb97445a067f300e5f98954fccca89c5d467,src/interface/console.c,"static int cc_hide(const char **argv, int argc)
{
	console_close();
	return 0;
}
",2016-05-26 09:49:19 +0200,883,        int rideType
852,openrct2/openrct2,3f9afb97445a067f300e5f98954fccca89c5d467,src/interface/console.c,"static int cc_hide(const char **argv, int argc)
{
	console_close();
	return 0;
}
",2016-05-26 09:49:19 +0200,278, PEEP_FLAGS_TWITCH = (1 << 31)  // Added for twitch integration                        ^
853,openrct2/openrct2,3f9afb97445a067f300e5f98954fccca89c5d467,src/interface/console.c,"static int cc_hide(const char **argv, int argc)
{
	console_close();
	return 0;
}
",2016-05-26 09:49:19 +0200,423," RIDE_ENTRY_FLAG_31 = 1 << 31, // 0x80000000                        ^"
854,openrct2/openrct2,3f9afb97445a067f300e5f98954fccca89c5d467,src/interface/console.c,"static int cc_hide(const char **argv, int argc)
{
	console_close();
	return 0;
}
",2016-05-26 09:49:19 +0200,763," RIDE_TYPE_FLAG_SUPPORTS_MULTIPLE_TRACK_COLOUR = 1 << 31,                                                   ^"
855,openrct2/openrct2,3f9afb97445a067f300e5f98954fccca89c5d467,src/interface/console.c,"static int cc_hide(const char **argv, int argc)
{
	console_close();
	return 0;
}
",2016-05-26 09:49:19 +0200,102, GAME_COMMAND_FLAG_NETWORKED = (1 << 31) // Game command is coming from network                                  ^
856,openrct2/openrct2,3f9afb97445a067f300e5f98954fccca89c5d467,src/interface/console.c,"static int cc_hide(const char **argv, int argc)
{
	console_close();
	return 0;
}
",2016-05-26 09:49:19 +0200,157, TRACK_FLAGS2_SIX_FLAGS_RIDE_DEPRECATED = (1 << 31)  // Not used anymore.                                             ^
857,openrct2/openrct2,3f9afb97445a067f300e5f98954fccca89c5d467,src/interface/console.c,"static int cc_hide(const char **argv, int argc)
{
	console_close();
	return 0;
}
",2016-05-26 09:49:19 +0200,278, PEEP_FLAGS_TWITCH = (1 << 31)  // Added for twitch integration                        ^
858,openrct2/openrct2,3f9afb97445a067f300e5f98954fccca89c5d467,src/interface/console.c,"static int cc_hide(const char **argv, int argc)
{
	console_close();
	return 0;
}
",2016-05-26 09:49:19 +0200,423," RIDE_ENTRY_FLAG_31 = 1 << 31, // 0x80000000                        ^"
859,openrct2/openrct2,3f9afb97445a067f300e5f98954fccca89c5d467,src/interface/console.c,"static int cc_hide(const char **argv, int argc)
{
	console_close();
	return 0;
}
",2016-05-26 09:49:19 +0200,763," RIDE_TYPE_FLAG_SUPPORTS_MULTIPLE_TRACK_COLOUR = 1 << 31,                                                   ^"
860,openrct2/openrct2,3f9afb97445a067f300e5f98954fccca89c5d467,src/interface/console.c,"static int cc_hide(const char **argv, int argc)
{
	console_close();
	return 0;
}
",2016-05-26 09:49:19 +0200,102, GAME_COMMAND_FLAG_NETWORKED = (1 << 31) // Game command is coming from network                                  ^
861,openrct2/openrct2,3f9afb97445a067f300e5f98954fccca89c5d467,src/interface/console.c,"static int cc_hide(const char **argv, int argc)
{
	console_close();
	return 0;
}
",2016-05-26 09:49:19 +0200,157, TRACK_FLAGS2_SIX_FLAGS_RIDE_DEPRECATED = (1 << 31)  // Not used anymore.                                             ^
862,openrct2/openrct2,3f9afb97445a067f300e5f98954fccca89c5d467,src/interface/console.c,"static int cc_hide(const char **argv, int argc)
{
	console_close();
	return 0;
}
",2016-05-26 09:49:19 +0200,900,        scenerySetEntry = get_scenery_group_entry(entryGroupIndex)
863,openrct2/openrct2,3f9afb97445a067f300e5f98954fccca89c5d467,src/interface/console.c,"static int cc_hide(const char **argv, int argc)
{
	console_close();
	return 0;
}
",2016-05-26 09:49:19 +0200,1106, bool inQuotes = false
864,openrct2/openrct2,c645d24c8d0c211e5fdb0692667ede08f15b9b3b,src/interface/console.c,"static int cc_hide(const char **argv, int argc)
{
	console_close();
	return 0;
}
",2016-05-28 09:30:50 +0100,81," CURSOR_RELEASED = CURSOR_UP | CURSOR_CHANGED,                             ^"
865,openrct2/openrct2,c645d24c8d0c211e5fdb0692667ede08f15b9b3b,src/interface/console.c,"static int cc_hide(const char **argv, int argc)
{
	console_close();
	return 0;
}
",2016-05-28 09:30:50 +0100,1145,"    argv = realloc(argv, argvCapacity * sizeof(utf8*))"
866,openrct2/openrct2,c645d24c8d0c211e5fdb0692667ede08f15b9b3b,src/interface/console.c,"static int cc_hide(const char **argv, int argc)
{
	console_close();
	return 0;
}
",2016-05-28 09:30:50 +0100,489,"   FOR_ALL_STAFF(i, peep) {   ^"
867,openrct2/openrct2,c645d24c8d0c211e5fdb0692667ede08f15b9b3b,src/interface/console.c,"static int cc_hide(const char **argv, int argc)
{
	console_close();
	return 0;
}
",2016-05-28 09:30:50 +0100,643, int i
868,openrct2/openrct2,c645d24c8d0c211e5fdb0692667ede08f15b9b3b,src/interface/console.c,"static int cc_hide(const char **argv, int argc)
{
	console_close();
	return 0;
}
",2016-05-28 09:30:50 +0100,890,        int rideType
869,openrct2/openrct2,c645d24c8d0c211e5fdb0692667ede08f15b9b3b,src/interface/console.c,"static int cc_hide(const char **argv, int argc)
{
	console_close();
	return 0;
}
",2016-05-28 09:30:50 +0100,278, PEEP_FLAGS_TWITCH = (1 << 31)  // Added for twitch integration                        ^
870,openrct2/openrct2,c645d24c8d0c211e5fdb0692667ede08f15b9b3b,src/interface/console.c,"static int cc_hide(const char **argv, int argc)
{
	console_close();
	return 0;
}
",2016-05-28 09:30:50 +0100,423," RIDE_ENTRY_FLAG_31 = 1 << 31, // 0x80000000                        ^"
871,openrct2/openrct2,c645d24c8d0c211e5fdb0692667ede08f15b9b3b,src/interface/console.c,"static int cc_hide(const char **argv, int argc)
{
	console_close();
	return 0;
}
",2016-05-28 09:30:50 +0100,763," RIDE_TYPE_FLAG_SUPPORTS_MULTIPLE_TRACK_COLOUR = 1 << 31,                                                   ^"
872,openrct2/openrct2,c645d24c8d0c211e5fdb0692667ede08f15b9b3b,src/interface/console.c,"static int cc_hide(const char **argv, int argc)
{
	console_close();
	return 0;
}
",2016-05-28 09:30:50 +0100,102, GAME_COMMAND_FLAG_NETWORKED = (1 << 31) // Game command is coming from network                                  ^
873,openrct2/openrct2,c645d24c8d0c211e5fdb0692667ede08f15b9b3b,src/interface/console.c,"static int cc_hide(const char **argv, int argc)
{
	console_close();
	return 0;
}
",2016-05-28 09:30:50 +0100,157, TRACK_FLAGS2_SIX_FLAGS_RIDE_DEPRECATED = (1 << 31)  // Not used anymore.                                             ^
874,openrct2/openrct2,c645d24c8d0c211e5fdb0692667ede08f15b9b3b,src/interface/console.c,"static int cc_hide(const char **argv, int argc)
{
	console_close();
	return 0;
}
",2016-05-28 09:30:50 +0100,278, PEEP_FLAGS_TWITCH = (1 << 31)  // Added for twitch integration                        ^
875,openrct2/openrct2,c645d24c8d0c211e5fdb0692667ede08f15b9b3b,src/interface/console.c,"static int cc_hide(const char **argv, int argc)
{
	console_close();
	return 0;
}
",2016-05-28 09:30:50 +0100,423," RIDE_ENTRY_FLAG_31 = 1 << 31, // 0x80000000                        ^"
876,openrct2/openrct2,c645d24c8d0c211e5fdb0692667ede08f15b9b3b,src/interface/console.c,"static int cc_hide(const char **argv, int argc)
{
	console_close();
	return 0;
}
",2016-05-28 09:30:50 +0100,763," RIDE_TYPE_FLAG_SUPPORTS_MULTIPLE_TRACK_COLOUR = 1 << 31,                                                   ^"
877,openrct2/openrct2,c645d24c8d0c211e5fdb0692667ede08f15b9b3b,src/interface/console.c,"static int cc_hide(const char **argv, int argc)
{
	console_close();
	return 0;
}
",2016-05-28 09:30:50 +0100,102, GAME_COMMAND_FLAG_NETWORKED = (1 << 31) // Game command is coming from network                                  ^
878,openrct2/openrct2,c645d24c8d0c211e5fdb0692667ede08f15b9b3b,src/interface/console.c,"static int cc_hide(const char **argv, int argc)
{
	console_close();
	return 0;
}
",2016-05-28 09:30:50 +0100,157, TRACK_FLAGS2_SIX_FLAGS_RIDE_DEPRECATED = (1 << 31)  // Not used anymore.                                             ^
879,openrct2/openrct2,c645d24c8d0c211e5fdb0692667ede08f15b9b3b,src/interface/console.c,"static int cc_hide(const char **argv, int argc)
{
	console_close();
	return 0;
}
",2016-05-28 09:30:50 +0100,907,        scenerySetEntry = get_scenery_group_entry(entryGroupIndex)
880,openrct2/openrct2,c645d24c8d0c211e5fdb0692667ede08f15b9b3b,src/interface/console.c,"static int cc_hide(const char **argv, int argc)
{
	console_close();
	return 0;
}
",2016-05-28 09:30:50 +0100,1115, bool inQuotes = false
881,openrct2/openrct2,3907fcd9d20533f82f01d73f820b84051552f5ef,src/interface/console.c,"static int cc_hide(const char **argv, int argc)
{
	console_close();
	return 0;
}
",2016-06-03 10:55:21 +0200,83," CURSOR_RELEASED = CURSOR_UP | CURSOR_CHANGED,                             ^"
882,openrct2/openrct2,3907fcd9d20533f82f01d73f820b84051552f5ef,src/interface/console.c,"static int cc_hide(const char **argv, int argc)
{
	console_close();
	return 0;
}
",2016-06-03 10:55:21 +0200,1145,"    argv = realloc(argv, argvCapacity * sizeof(utf8*))"
883,openrct2/openrct2,3907fcd9d20533f82f01d73f820b84051552f5ef,src/interface/console.c,"static int cc_hide(const char **argv, int argc)
{
	console_close();
	return 0;
}
",2016-06-03 10:55:21 +0200,489,"   FOR_ALL_STAFF(i, peep) {   ^"
884,openrct2/openrct2,3907fcd9d20533f82f01d73f820b84051552f5ef,src/interface/console.c,"static int cc_hide(const char **argv, int argc)
{
	console_close();
	return 0;
}
",2016-06-03 10:55:21 +0200,643, int i
885,openrct2/openrct2,3907fcd9d20533f82f01d73f820b84051552f5ef,src/interface/console.c,"static int cc_hide(const char **argv, int argc)
{
	console_close();
	return 0;
}
",2016-06-03 10:55:21 +0200,890,        int rideType
886,openrct2/openrct2,3907fcd9d20533f82f01d73f820b84051552f5ef,src/interface/console.c,"static int cc_hide(const char **argv, int argc)
{
	console_close();
	return 0;
}
",2016-06-03 10:55:21 +0200,278, PEEP_FLAGS_TWITCH = (1 << 31)  // Added for twitch integration                        ^
887,openrct2/openrct2,3907fcd9d20533f82f01d73f820b84051552f5ef,src/interface/console.c,"static int cc_hide(const char **argv, int argc)
{
	console_close();
	return 0;
}
",2016-06-03 10:55:21 +0200,423," RIDE_ENTRY_FLAG_31 = 1 << 31, // 0x80000000                        ^"
888,openrct2/openrct2,3907fcd9d20533f82f01d73f820b84051552f5ef,src/interface/console.c,"static int cc_hide(const char **argv, int argc)
{
	console_close();
	return 0;
}
",2016-06-03 10:55:21 +0200,763," RIDE_TYPE_FLAG_SUPPORTS_MULTIPLE_TRACK_COLOUR = 1 << 31,                                                   ^"
889,openrct2/openrct2,3907fcd9d20533f82f01d73f820b84051552f5ef,src/interface/console.c,"static int cc_hide(const char **argv, int argc)
{
	console_close();
	return 0;
}
",2016-06-03 10:55:21 +0200,102, GAME_COMMAND_FLAG_NETWORKED = (1 << 31) // Game command is coming from network                                  ^
890,openrct2/openrct2,3907fcd9d20533f82f01d73f820b84051552f5ef,src/interface/console.c,"static int cc_hide(const char **argv, int argc)
{
	console_close();
	return 0;
}
",2016-06-03 10:55:21 +0200,157, TRACK_FLAGS2_SIX_FLAGS_RIDE_DEPRECATED = (1 << 31)  // Not used anymore.                                             ^
891,openrct2/openrct2,3907fcd9d20533f82f01d73f820b84051552f5ef,src/interface/console.c,"static int cc_hide(const char **argv, int argc)
{
	console_close();
	return 0;
}
",2016-06-03 10:55:21 +0200,278, PEEP_FLAGS_TWITCH = (1 << 31)  // Added for twitch integration                        ^
892,openrct2/openrct2,3907fcd9d20533f82f01d73f820b84051552f5ef,src/interface/console.c,"static int cc_hide(const char **argv, int argc)
{
	console_close();
	return 0;
}
",2016-06-03 10:55:21 +0200,423," RIDE_ENTRY_FLAG_31 = 1 << 31, // 0x80000000                        ^"
893,openrct2/openrct2,3907fcd9d20533f82f01d73f820b84051552f5ef,src/interface/console.c,"static int cc_hide(const char **argv, int argc)
{
	console_close();
	return 0;
}
",2016-06-03 10:55:21 +0200,763," RIDE_TYPE_FLAG_SUPPORTS_MULTIPLE_TRACK_COLOUR = 1 << 31,                                                   ^"
894,openrct2/openrct2,3907fcd9d20533f82f01d73f820b84051552f5ef,src/interface/console.c,"static int cc_hide(const char **argv, int argc)
{
	console_close();
	return 0;
}
",2016-06-03 10:55:21 +0200,102, GAME_COMMAND_FLAG_NETWORKED = (1 << 31) // Game command is coming from network                                  ^
895,openrct2/openrct2,3907fcd9d20533f82f01d73f820b84051552f5ef,src/interface/console.c,"static int cc_hide(const char **argv, int argc)
{
	console_close();
	return 0;
}
",2016-06-03 10:55:21 +0200,157, TRACK_FLAGS2_SIX_FLAGS_RIDE_DEPRECATED = (1 << 31)  // Not used anymore.                                             ^
896,openrct2/openrct2,3907fcd9d20533f82f01d73f820b84051552f5ef,src/interface/console.c,"static int cc_hide(const char **argv, int argc)
{
	console_close();
	return 0;
}
",2016-06-03 10:55:21 +0200,907,        scenerySetEntry = get_scenery_group_entry(entryGroupIndex)
897,openrct2/openrct2,3907fcd9d20533f82f01d73f820b84051552f5ef,src/interface/console.c,"static int cc_hide(const char **argv, int argc)
{
	console_close();
	return 0;
}
",2016-06-03 10:55:21 +0200,1115, bool inQuotes = false
898,openrct2/openrct2,60630b9ad7f98d90dc92573d9a2f4f0a00ab0500,src/interface/console.c,"static int cc_hide(const char **argv, int argc)
{
	console_close();
	return 0;
}
",2016-06-03 10:55:21 +0200,83," CURSOR_RELEASED = CURSOR_UP | CURSOR_CHANGED,                             ^"
899,openrct2/openrct2,60630b9ad7f98d90dc92573d9a2f4f0a00ab0500,src/interface/console.c,"static int cc_hide(const char **argv, int argc)
{
	console_close();
	return 0;
}
",2016-06-03 10:55:21 +0200,1145,"    argv = realloc(argv, argvCapacity * sizeof(utf8*))"
900,openrct2/openrct2,60630b9ad7f98d90dc92573d9a2f4f0a00ab0500,src/interface/console.c,"static int cc_hide(const char **argv, int argc)
{
	console_close();
	return 0;
}
",2016-06-03 10:55:21 +0200,489,"   FOR_ALL_STAFF(i, peep) {   ^"
901,openrct2/openrct2,60630b9ad7f98d90dc92573d9a2f4f0a00ab0500,src/interface/console.c,"static int cc_hide(const char **argv, int argc)
{
	console_close();
	return 0;
}
",2016-06-03 10:55:21 +0200,643, int i
902,openrct2/openrct2,60630b9ad7f98d90dc92573d9a2f4f0a00ab0500,src/interface/console.c,"static int cc_hide(const char **argv, int argc)
{
	console_close();
	return 0;
}
",2016-06-03 10:55:21 +0200,890,        int rideType
903,openrct2/openrct2,60630b9ad7f98d90dc92573d9a2f4f0a00ab0500,src/interface/console.c,"static int cc_hide(const char **argv, int argc)
{
	console_close();
	return 0;
}
",2016-06-03 10:55:21 +0200,278, PEEP_FLAGS_TWITCH = (1 << 31)  // Added for twitch integration                        ^
904,openrct2/openrct2,60630b9ad7f98d90dc92573d9a2f4f0a00ab0500,src/interface/console.c,"static int cc_hide(const char **argv, int argc)
{
	console_close();
	return 0;
}
",2016-06-03 10:55:21 +0200,436," RIDE_ENTRY_FLAG_31 = 1 << 31, // 0x80000000                        ^"
905,openrct2/openrct2,60630b9ad7f98d90dc92573d9a2f4f0a00ab0500,src/interface/console.c,"static int cc_hide(const char **argv, int argc)
{
	console_close();
	return 0;
}
",2016-06-03 10:55:21 +0200,776," RIDE_TYPE_FLAG_SUPPORTS_MULTIPLE_TRACK_COLOUR = 1 << 31,                                                   ^"
906,openrct2/openrct2,60630b9ad7f98d90dc92573d9a2f4f0a00ab0500,src/interface/console.c,"static int cc_hide(const char **argv, int argc)
{
	console_close();
	return 0;
}
",2016-06-03 10:55:21 +0200,102, GAME_COMMAND_FLAG_NETWORKED = (1 << 31) // Game command is coming from network                                  ^
907,openrct2/openrct2,60630b9ad7f98d90dc92573d9a2f4f0a00ab0500,src/interface/console.c,"static int cc_hide(const char **argv, int argc)
{
	console_close();
	return 0;
}
",2016-06-03 10:55:21 +0200,160, TRACK_FLAGS2_SIX_FLAGS_RIDE_DEPRECATED = (1 << 31)  // Not used anymore.                                             ^
908,openrct2/openrct2,60630b9ad7f98d90dc92573d9a2f4f0a00ab0500,src/interface/console.c,"static int cc_hide(const char **argv, int argc)
{
	console_close();
	return 0;
}
",2016-06-03 10:55:21 +0200,278, PEEP_FLAGS_TWITCH = (1 << 31)  // Added for twitch integration                        ^
909,openrct2/openrct2,60630b9ad7f98d90dc92573d9a2f4f0a00ab0500,src/interface/console.c,"static int cc_hide(const char **argv, int argc)
{
	console_close();
	return 0;
}
",2016-06-03 10:55:21 +0200,436," RIDE_ENTRY_FLAG_31 = 1 << 31, // 0x80000000                        ^"
910,openrct2/openrct2,60630b9ad7f98d90dc92573d9a2f4f0a00ab0500,src/interface/console.c,"static int cc_hide(const char **argv, int argc)
{
	console_close();
	return 0;
}
",2016-06-03 10:55:21 +0200,776," RIDE_TYPE_FLAG_SUPPORTS_MULTIPLE_TRACK_COLOUR = 1 << 31,                                                   ^"
911,openrct2/openrct2,60630b9ad7f98d90dc92573d9a2f4f0a00ab0500,src/interface/console.c,"static int cc_hide(const char **argv, int argc)
{
	console_close();
	return 0;
}
",2016-06-03 10:55:21 +0200,102, GAME_COMMAND_FLAG_NETWORKED = (1 << 31) // Game command is coming from network                                  ^
912,openrct2/openrct2,60630b9ad7f98d90dc92573d9a2f4f0a00ab0500,src/interface/console.c,"static int cc_hide(const char **argv, int argc)
{
	console_close();
	return 0;
}
",2016-06-03 10:55:21 +0200,160, TRACK_FLAGS2_SIX_FLAGS_RIDE_DEPRECATED = (1 << 31)  // Not used anymore.                                             ^
913,openrct2/openrct2,60630b9ad7f98d90dc92573d9a2f4f0a00ab0500,src/interface/console.c,"static int cc_hide(const char **argv, int argc)
{
	console_close();
	return 0;
}
",2016-06-03 10:55:21 +0200,907,        scenerySetEntry = get_scenery_group_entry(entryGroupIndex)
914,openrct2/openrct2,60630b9ad7f98d90dc92573d9a2f4f0a00ab0500,src/interface/console.c,"static int cc_hide(const char **argv, int argc)
{
	console_close();
	return 0;
}
",2016-06-03 10:55:21 +0200,1115, bool inQuotes = false
915,openrct2/openrct2,67d99a34f21da92a1719798f3749138a3bc4d1a3,src/interface/console.c,"static int cc_hide(const char **argv, int argc)
{
	console_close();
	return 0;
}
",2016-06-04 16:53:29 +0100,83," CURSOR_RELEASED = CURSOR_UP | CURSOR_CHANGED,                             ^"
916,openrct2/openrct2,67d99a34f21da92a1719798f3749138a3bc4d1a3,src/interface/console.c,"static int cc_hide(const char **argv, int argc)
{
	console_close();
	return 0;
}
",2016-06-04 16:53:29 +0100,1161,"    argv = realloc(argv, argvCapacity * sizeof(utf8*))"
917,openrct2/openrct2,67d99a34f21da92a1719798f3749138a3bc4d1a3,src/interface/console.c,"static int cc_hide(const char **argv, int argc)
{
	console_close();
	return 0;
}
",2016-06-04 16:53:29 +0100,505,"   FOR_ALL_STAFF(i, peep) {   ^"
918,openrct2/openrct2,67d99a34f21da92a1719798f3749138a3bc4d1a3,src/interface/console.c,"static int cc_hide(const char **argv, int argc)
{
	console_close();
	return 0;
}
",2016-06-04 16:53:29 +0100,659, int i
919,openrct2/openrct2,67d99a34f21da92a1719798f3749138a3bc4d1a3,src/interface/console.c,"static int cc_hide(const char **argv, int argc)
{
	console_close();
	return 0;
}
",2016-06-04 16:53:29 +0100,906,        int rideType
920,openrct2/openrct2,67d99a34f21da92a1719798f3749138a3bc4d1a3,src/interface/console.c,"static int cc_hide(const char **argv, int argc)
{
	console_close();
	return 0;
}
",2016-06-04 16:53:29 +0100,278, PEEP_FLAGS_TWITCH = (1 << 31)  // Added for twitch integration                        ^
921,openrct2/openrct2,67d99a34f21da92a1719798f3749138a3bc4d1a3,src/interface/console.c,"static int cc_hide(const char **argv, int argc)
{
	console_close();
	return 0;
}
",2016-06-04 16:53:29 +0100,440," RIDE_ENTRY_FLAG_31 = 1 << 31, // 0x80000000                        ^"
922,openrct2/openrct2,67d99a34f21da92a1719798f3749138a3bc4d1a3,src/interface/console.c,"static int cc_hide(const char **argv, int argc)
{
	console_close();
	return 0;
}
",2016-06-04 16:53:29 +0100,780," RIDE_TYPE_FLAG_SUPPORTS_MULTIPLE_TRACK_COLOUR = 1 << 31,                                                   ^"
923,openrct2/openrct2,67d99a34f21da92a1719798f3749138a3bc4d1a3,src/interface/console.c,"static int cc_hide(const char **argv, int argc)
{
	console_close();
	return 0;
}
",2016-06-04 16:53:29 +0100,103, GAME_COMMAND_FLAG_NETWORKED = (1 << 31) // Game command is coming from network                                  ^
924,openrct2/openrct2,67d99a34f21da92a1719798f3749138a3bc4d1a3,src/interface/console.c,"static int cc_hide(const char **argv, int argc)
{
	console_close();
	return 0;
}
",2016-06-04 16:53:29 +0100,162, TRACK_FLAGS2_SIX_FLAGS_RIDE_DEPRECATED = (1 << 31)  // Not used anymore.                                             ^
925,openrct2/openrct2,67d99a34f21da92a1719798f3749138a3bc4d1a3,src/interface/console.c,"static int cc_hide(const char **argv, int argc)
{
	console_close();
	return 0;
}
",2016-06-04 16:53:29 +0100,278, PEEP_FLAGS_TWITCH = (1 << 31)  // Added for twitch integration                        ^
926,openrct2/openrct2,67d99a34f21da92a1719798f3749138a3bc4d1a3,src/interface/console.c,"static int cc_hide(const char **argv, int argc)
{
	console_close();
	return 0;
}
",2016-06-04 16:53:29 +0100,440," RIDE_ENTRY_FLAG_31 = 1 << 31, // 0x80000000                        ^"
927,openrct2/openrct2,67d99a34f21da92a1719798f3749138a3bc4d1a3,src/interface/console.c,"static int cc_hide(const char **argv, int argc)
{
	console_close();
	return 0;
}
",2016-06-04 16:53:29 +0100,780," RIDE_TYPE_FLAG_SUPPORTS_MULTIPLE_TRACK_COLOUR = 1 << 31,                                                   ^"
928,openrct2/openrct2,67d99a34f21da92a1719798f3749138a3bc4d1a3,src/interface/console.c,"static int cc_hide(const char **argv, int argc)
{
	console_close();
	return 0;
}
",2016-06-04 16:53:29 +0100,103, GAME_COMMAND_FLAG_NETWORKED = (1 << 31) // Game command is coming from network                                  ^
929,openrct2/openrct2,67d99a34f21da92a1719798f3749138a3bc4d1a3,src/interface/console.c,"static int cc_hide(const char **argv, int argc)
{
	console_close();
	return 0;
}
",2016-06-04 16:53:29 +0100,162, TRACK_FLAGS2_SIX_FLAGS_RIDE_DEPRECATED = (1 << 31)  // Not used anymore.                                             ^
930,openrct2/openrct2,67d99a34f21da92a1719798f3749138a3bc4d1a3,src/interface/console.c,"static int cc_hide(const char **argv, int argc)
{
	console_close();
	return 0;
}
",2016-06-04 16:53:29 +0100,923,        scenerySetEntry = get_scenery_group_entry(entryGroupIndex)
931,openrct2/openrct2,67d99a34f21da92a1719798f3749138a3bc4d1a3,src/interface/console.c,"static int cc_hide(const char **argv, int argc)
{
	console_close();
	return 0;
}
",2016-06-04 16:53:29 +0100,1131, bool inQuotes = false
932,openrct2/openrct2,14f6da31c93279620fe88992df4f4348e14ba82a,src/interface/console.c,"static int cc_hide(const char **argv, int argc)
{
	console_close();
	return 0;
}
",2016-06-04 17:44:29 +0100,83," CURSOR_RELEASED = CURSOR_UP | CURSOR_CHANGED,                             ^"
933,openrct2/openrct2,14f6da31c93279620fe88992df4f4348e14ba82a,src/interface/console.c,"static int cc_hide(const char **argv, int argc)
{
	console_close();
	return 0;
}
",2016-06-04 17:44:29 +0100,1161,"    argv = realloc(argv, argvCapacity * sizeof(utf8*))"
934,openrct2/openrct2,14f6da31c93279620fe88992df4f4348e14ba82a,src/interface/console.c,"static int cc_hide(const char **argv, int argc)
{
	console_close();
	return 0;
}
",2016-06-04 17:44:29 +0100,505,"   FOR_ALL_STAFF(i, peep) {   ^"
935,openrct2/openrct2,14f6da31c93279620fe88992df4f4348e14ba82a,src/interface/console.c,"static int cc_hide(const char **argv, int argc)
{
	console_close();
	return 0;
}
",2016-06-04 17:44:29 +0100,659, int i
936,openrct2/openrct2,14f6da31c93279620fe88992df4f4348e14ba82a,src/interface/console.c,"static int cc_hide(const char **argv, int argc)
{
	console_close();
	return 0;
}
",2016-06-04 17:44:29 +0100,906,        int rideType
937,openrct2/openrct2,14f6da31c93279620fe88992df4f4348e14ba82a,src/interface/console.c,"static int cc_hide(const char **argv, int argc)
{
	console_close();
	return 0;
}
",2016-06-04 17:44:29 +0100,278, PEEP_FLAGS_TWITCH = (1 << 31)  // Added for twitch integration                        ^
938,openrct2/openrct2,14f6da31c93279620fe88992df4f4348e14ba82a,src/interface/console.c,"static int cc_hide(const char **argv, int argc)
{
	console_close();
	return 0;
}
",2016-06-04 17:44:29 +0100,440," RIDE_ENTRY_FLAG_31 = 1 << 31, // 0x80000000                        ^"
939,openrct2/openrct2,14f6da31c93279620fe88992df4f4348e14ba82a,src/interface/console.c,"static int cc_hide(const char **argv, int argc)
{
	console_close();
	return 0;
}
",2016-06-04 17:44:29 +0100,780," RIDE_TYPE_FLAG_SUPPORTS_MULTIPLE_TRACK_COLOUR = 1 << 31,                                                   ^"
940,openrct2/openrct2,14f6da31c93279620fe88992df4f4348e14ba82a,src/interface/console.c,"static int cc_hide(const char **argv, int argc)
{
	console_close();
	return 0;
}
",2016-06-04 17:44:29 +0100,103, GAME_COMMAND_FLAG_NETWORKED = (1 << 31) // Game command is coming from network                                  ^
941,openrct2/openrct2,14f6da31c93279620fe88992df4f4348e14ba82a,src/interface/console.c,"static int cc_hide(const char **argv, int argc)
{
	console_close();
	return 0;
}
",2016-06-04 17:44:29 +0100,162, TRACK_FLAGS2_SIX_FLAGS_RIDE_DEPRECATED = (1 << 31)  // Not used anymore.                                             ^
942,openrct2/openrct2,14f6da31c93279620fe88992df4f4348e14ba82a,src/interface/console.c,"static int cc_hide(const char **argv, int argc)
{
	console_close();
	return 0;
}
",2016-06-04 17:44:29 +0100,278, PEEP_FLAGS_TWITCH = (1 << 31)  // Added for twitch integration                        ^
943,openrct2/openrct2,14f6da31c93279620fe88992df4f4348e14ba82a,src/interface/console.c,"static int cc_hide(const char **argv, int argc)
{
	console_close();
	return 0;
}
",2016-06-04 17:44:29 +0100,440," RIDE_ENTRY_FLAG_31 = 1 << 31, // 0x80000000                        ^"
944,openrct2/openrct2,14f6da31c93279620fe88992df4f4348e14ba82a,src/interface/console.c,"static int cc_hide(const char **argv, int argc)
{
	console_close();
	return 0;
}
",2016-06-04 17:44:29 +0100,780," RIDE_TYPE_FLAG_SUPPORTS_MULTIPLE_TRACK_COLOUR = 1 << 31,                                                   ^"
945,openrct2/openrct2,14f6da31c93279620fe88992df4f4348e14ba82a,src/interface/console.c,"static int cc_hide(const char **argv, int argc)
{
	console_close();
	return 0;
}
",2016-06-04 17:44:29 +0100,103, GAME_COMMAND_FLAG_NETWORKED = (1 << 31) // Game command is coming from network                                  ^
946,openrct2/openrct2,14f6da31c93279620fe88992df4f4348e14ba82a,src/interface/console.c,"static int cc_hide(const char **argv, int argc)
{
	console_close();
	return 0;
}
",2016-06-04 17:44:29 +0100,162, TRACK_FLAGS2_SIX_FLAGS_RIDE_DEPRECATED = (1 << 31)  // Not used anymore.                                             ^
947,openrct2/openrct2,14f6da31c93279620fe88992df4f4348e14ba82a,src/interface/console.c,"static int cc_hide(const char **argv, int argc)
{
	console_close();
	return 0;
}
",2016-06-04 17:44:29 +0100,923,        scenerySetEntry = get_scenery_group_entry(entryGroupIndex)
948,openrct2/openrct2,14f6da31c93279620fe88992df4f4348e14ba82a,src/interface/console.c,"static int cc_hide(const char **argv, int argc)
{
	console_close();
	return 0;
}
",2016-06-04 17:44:29 +0100,1131, bool inQuotes = false
949,openrct2/openrct2,a03979087d5dd387ae69343cb8e3efb845984467,src/interface/console.c,"static int cc_hide(const char **argv, int argc)
{
	console_close();
	return 0;
}
",2016-06-04 19:48:39 +0100,83," CURSOR_RELEASED = CURSOR_UP | CURSOR_CHANGED,                             ^"
950,openrct2/openrct2,a03979087d5dd387ae69343cb8e3efb845984467,src/interface/console.c,"static int cc_hide(const char **argv, int argc)
{
	console_close();
	return 0;
}
",2016-06-04 19:48:39 +0100,1170,"    argv = realloc(argv, argvCapacity * sizeof(utf8*))"
951,openrct2/openrct2,a03979087d5dd387ae69343cb8e3efb845984467,src/interface/console.c,"static int cc_hide(const char **argv, int argc)
{
	console_close();
	return 0;
}
",2016-06-04 19:48:39 +0100,514,"   FOR_ALL_STAFF(i, peep) {   ^"
952,openrct2/openrct2,a03979087d5dd387ae69343cb8e3efb845984467,src/interface/console.c,"static int cc_hide(const char **argv, int argc)
{
	console_close();
	return 0;
}
",2016-06-04 19:48:39 +0100,668, int i
953,openrct2/openrct2,a03979087d5dd387ae69343cb8e3efb845984467,src/interface/console.c,"static int cc_hide(const char **argv, int argc)
{
	console_close();
	return 0;
}
",2016-06-04 19:48:39 +0100,915,        int rideType
954,openrct2/openrct2,a03979087d5dd387ae69343cb8e3efb845984467,src/interface/console.c,"static int cc_hide(const char **argv, int argc)
{
	console_close();
	return 0;
}
",2016-06-04 19:48:39 +0100,278, PEEP_FLAGS_TWITCH = (1 << 31)  // Added for twitch integration                        ^
955,openrct2/openrct2,a03979087d5dd387ae69343cb8e3efb845984467,src/interface/console.c,"static int cc_hide(const char **argv, int argc)
{
	console_close();
	return 0;
}
",2016-06-04 19:48:39 +0100,440," RIDE_ENTRY_FLAG_31 = 1 << 31, // 0x80000000                        ^"
956,openrct2/openrct2,a03979087d5dd387ae69343cb8e3efb845984467,src/interface/console.c,"static int cc_hide(const char **argv, int argc)
{
	console_close();
	return 0;
}
",2016-06-04 19:48:39 +0100,780," RIDE_TYPE_FLAG_SUPPORTS_MULTIPLE_TRACK_COLOUR = 1 << 31,                                                   ^"
957,openrct2/openrct2,a03979087d5dd387ae69343cb8e3efb845984467,src/interface/console.c,"static int cc_hide(const char **argv, int argc)
{
	console_close();
	return 0;
}
",2016-06-04 19:48:39 +0100,103, GAME_COMMAND_FLAG_NETWORKED = (1 << 31) // Game command is coming from network                                  ^
958,openrct2/openrct2,a03979087d5dd387ae69343cb8e3efb845984467,src/interface/console.c,"static int cc_hide(const char **argv, int argc)
{
	console_close();
	return 0;
}
",2016-06-04 19:48:39 +0100,162, TRACK_FLAGS2_SIX_FLAGS_RIDE_DEPRECATED = (1 << 31)  // Not used anymore.                                             ^
959,openrct2/openrct2,a03979087d5dd387ae69343cb8e3efb845984467,src/interface/console.c,"static int cc_hide(const char **argv, int argc)
{
	console_close();
	return 0;
}
",2016-06-04 19:48:39 +0100,278, PEEP_FLAGS_TWITCH = (1 << 31)  // Added for twitch integration                        ^
960,openrct2/openrct2,a03979087d5dd387ae69343cb8e3efb845984467,src/interface/console.c,"static int cc_hide(const char **argv, int argc)
{
	console_close();
	return 0;
}
",2016-06-04 19:48:39 +0100,440," RIDE_ENTRY_FLAG_31 = 1 << 31, // 0x80000000                        ^"
961,openrct2/openrct2,a03979087d5dd387ae69343cb8e3efb845984467,src/interface/console.c,"static int cc_hide(const char **argv, int argc)
{
	console_close();
	return 0;
}
",2016-06-04 19:48:39 +0100,780," RIDE_TYPE_FLAG_SUPPORTS_MULTIPLE_TRACK_COLOUR = 1 << 31,                                                   ^"
962,openrct2/openrct2,a03979087d5dd387ae69343cb8e3efb845984467,src/interface/console.c,"static int cc_hide(const char **argv, int argc)
{
	console_close();
	return 0;
}
",2016-06-04 19:48:39 +0100,103, GAME_COMMAND_FLAG_NETWORKED = (1 << 31) // Game command is coming from network                                  ^
963,openrct2/openrct2,a03979087d5dd387ae69343cb8e3efb845984467,src/interface/console.c,"static int cc_hide(const char **argv, int argc)
{
	console_close();
	return 0;
}
",2016-06-04 19:48:39 +0100,162, TRACK_FLAGS2_SIX_FLAGS_RIDE_DEPRECATED = (1 << 31)  // Not used anymore.                                             ^
964,openrct2/openrct2,a03979087d5dd387ae69343cb8e3efb845984467,src/interface/console.c,"static int cc_hide(const char **argv, int argc)
{
	console_close();
	return 0;
}
",2016-06-04 19:48:39 +0100,932,        scenerySetEntry = get_scenery_group_entry(entryGroupIndex)
965,openrct2/openrct2,a03979087d5dd387ae69343cb8e3efb845984467,src/interface/console.c,"static int cc_hide(const char **argv, int argc)
{
	console_close();
	return 0;
}
",2016-06-04 19:48:39 +0100,1140, bool inQuotes = false
966,openrct2/openrct2,065ffa3e3c8a4c58f030c84b9c116c91ae836f8d,src/interface/console.c,"static int cc_hide(const char **argv, int argc)
{
	console_close();
	return 0;
}
",2016-06-04 20:19:31 +0100,83," CURSOR_RELEASED = CURSOR_UP | CURSOR_CHANGED,                             ^"
967,openrct2/openrct2,065ffa3e3c8a4c58f030c84b9c116c91ae836f8d,src/interface/console.c,"static int cc_hide(const char **argv, int argc)
{
	console_close();
	return 0;
}
",2016-06-04 20:19:31 +0100,1153,"    argv = realloc(argv, argvCapacity * sizeof(utf8*))"
968,openrct2/openrct2,065ffa3e3c8a4c58f030c84b9c116c91ae836f8d,src/interface/console.c,"static int cc_hide(const char **argv, int argc)
{
	console_close();
	return 0;
}
",2016-06-04 20:19:31 +0100,497,"   FOR_ALL_STAFF(i, peep) {   ^"
969,openrct2/openrct2,065ffa3e3c8a4c58f030c84b9c116c91ae836f8d,src/interface/console.c,"static int cc_hide(const char **argv, int argc)
{
	console_close();
	return 0;
}
",2016-06-04 20:19:31 +0100,651, int i
970,openrct2/openrct2,065ffa3e3c8a4c58f030c84b9c116c91ae836f8d,src/interface/console.c,"static int cc_hide(const char **argv, int argc)
{
	console_close();
	return 0;
}
",2016-06-04 20:19:31 +0100,898,        int rideType
971,openrct2/openrct2,065ffa3e3c8a4c58f030c84b9c116c91ae836f8d,src/interface/console.c,"static int cc_hide(const char **argv, int argc)
{
	console_close();
	return 0;
}
",2016-06-04 20:19:31 +0100,278, PEEP_FLAGS_TWITCH = (1 << 31)  // Added for twitch integration                        ^
972,openrct2/openrct2,065ffa3e3c8a4c58f030c84b9c116c91ae836f8d,src/interface/console.c,"static int cc_hide(const char **argv, int argc)
{
	console_close();
	return 0;
}
",2016-06-04 20:19:31 +0100,440," RIDE_ENTRY_FLAG_31 = 1 << 31, // 0x80000000                        ^"
973,openrct2/openrct2,065ffa3e3c8a4c58f030c84b9c116c91ae836f8d,src/interface/console.c,"static int cc_hide(const char **argv, int argc)
{
	console_close();
	return 0;
}
",2016-06-04 20:19:31 +0100,780," RIDE_TYPE_FLAG_SUPPORTS_MULTIPLE_TRACK_COLOUR = 1 << 31,                                                   ^"
974,openrct2/openrct2,065ffa3e3c8a4c58f030c84b9c116c91ae836f8d,src/interface/console.c,"static int cc_hide(const char **argv, int argc)
{
	console_close();
	return 0;
}
",2016-06-04 20:19:31 +0100,103, GAME_COMMAND_FLAG_NETWORKED = (1 << 31) // Game command is coming from network                                  ^
975,openrct2/openrct2,065ffa3e3c8a4c58f030c84b9c116c91ae836f8d,src/interface/console.c,"static int cc_hide(const char **argv, int argc)
{
	console_close();
	return 0;
}
",2016-06-04 20:19:31 +0100,162, TRACK_FLAGS2_SIX_FLAGS_RIDE_DEPRECATED = (1 << 31)  // Not used anymore.                                             ^
976,openrct2/openrct2,065ffa3e3c8a4c58f030c84b9c116c91ae836f8d,src/interface/console.c,"static int cc_hide(const char **argv, int argc)
{
	console_close();
	return 0;
}
",2016-06-04 20:19:31 +0100,278, PEEP_FLAGS_TWITCH = (1 << 31)  // Added for twitch integration                        ^
977,openrct2/openrct2,065ffa3e3c8a4c58f030c84b9c116c91ae836f8d,src/interface/console.c,"static int cc_hide(const char **argv, int argc)
{
	console_close();
	return 0;
}
",2016-06-04 20:19:31 +0100,440," RIDE_ENTRY_FLAG_31 = 1 << 31, // 0x80000000                        ^"
978,openrct2/openrct2,065ffa3e3c8a4c58f030c84b9c116c91ae836f8d,src/interface/console.c,"static int cc_hide(const char **argv, int argc)
{
	console_close();
	return 0;
}
",2016-06-04 20:19:31 +0100,780," RIDE_TYPE_FLAG_SUPPORTS_MULTIPLE_TRACK_COLOUR = 1 << 31,                                                   ^"
979,openrct2/openrct2,065ffa3e3c8a4c58f030c84b9c116c91ae836f8d,src/interface/console.c,"static int cc_hide(const char **argv, int argc)
{
	console_close();
	return 0;
}
",2016-06-04 20:19:31 +0100,103, GAME_COMMAND_FLAG_NETWORKED = (1 << 31) // Game command is coming from network                                  ^
980,openrct2/openrct2,065ffa3e3c8a4c58f030c84b9c116c91ae836f8d,src/interface/console.c,"static int cc_hide(const char **argv, int argc)
{
	console_close();
	return 0;
}
",2016-06-04 20:19:31 +0100,162, TRACK_FLAGS2_SIX_FLAGS_RIDE_DEPRECATED = (1 << 31)  // Not used anymore.                                             ^
981,openrct2/openrct2,065ffa3e3c8a4c58f030c84b9c116c91ae836f8d,src/interface/console.c,"static int cc_hide(const char **argv, int argc)
{
	console_close();
	return 0;
}
",2016-06-04 20:19:31 +0100,477,       ride->subtype = subtype
982,openrct2/openrct2,065ffa3e3c8a4c58f030c84b9c116c91ae836f8d,src/interface/console.c,"static int cc_hide(const char **argv, int argc)
{
	console_close();
	return 0;
}
",2016-06-04 20:19:31 +0100,915,        scenerySetEntry = get_scenery_group_entry(entryGroupIndex)
983,openrct2/openrct2,065ffa3e3c8a4c58f030c84b9c116c91ae836f8d,src/interface/console.c,"static int cc_hide(const char **argv, int argc)
{
	console_close();
	return 0;
}
",2016-06-04 20:19:31 +0100,1123, bool inQuotes = false
984,openrct2/openrct2,0f630bea2f3b341c498b88d012f4a48fd379d092,src/interface/console.c,"static int cc_hide(const char **argv, int argc)
{
	console_close();
	return 0;
}
",2016-06-04 20:21:04 +0100,83," CURSOR_RELEASED = CURSOR_UP | CURSOR_CHANGED,                             ^"
985,openrct2/openrct2,0f630bea2f3b341c498b88d012f4a48fd379d092,src/interface/console.c,"static int cc_hide(const char **argv, int argc)
{
	console_close();
	return 0;
}
",2016-06-04 20:21:04 +0100,1171,"    argv = realloc(argv, argvCapacity * sizeof(utf8*))"
986,openrct2/openrct2,0f630bea2f3b341c498b88d012f4a48fd379d092,src/interface/console.c,"static int cc_hide(const char **argv, int argc)
{
	console_close();
	return 0;
}
",2016-06-04 20:21:04 +0100,515,"   FOR_ALL_STAFF(i, peep) {   ^"
987,openrct2/openrct2,0f630bea2f3b341c498b88d012f4a48fd379d092,src/interface/console.c,"static int cc_hide(const char **argv, int argc)
{
	console_close();
	return 0;
}
",2016-06-04 20:21:04 +0100,669, int i
988,openrct2/openrct2,0f630bea2f3b341c498b88d012f4a48fd379d092,src/interface/console.c,"static int cc_hide(const char **argv, int argc)
{
	console_close();
	return 0;
}
",2016-06-04 20:21:04 +0100,916,        int rideType
989,openrct2/openrct2,0f630bea2f3b341c498b88d012f4a48fd379d092,src/interface/console.c,"static int cc_hide(const char **argv, int argc)
{
	console_close();
	return 0;
}
",2016-06-04 20:21:04 +0100,278, PEEP_FLAGS_TWITCH = (1 << 31)  // Added for twitch integration                        ^
990,openrct2/openrct2,0f630bea2f3b341c498b88d012f4a48fd379d092,src/interface/console.c,"static int cc_hide(const char **argv, int argc)
{
	console_close();
	return 0;
}
",2016-06-04 20:21:04 +0100,440," RIDE_ENTRY_FLAG_31 = 1 << 31, // 0x80000000                        ^"
991,openrct2/openrct2,0f630bea2f3b341c498b88d012f4a48fd379d092,src/interface/console.c,"static int cc_hide(const char **argv, int argc)
{
	console_close();
	return 0;
}
",2016-06-04 20:21:04 +0100,780," RIDE_TYPE_FLAG_SUPPORTS_MULTIPLE_TRACK_COLOUR = 1 << 31,                                                   ^"
992,openrct2/openrct2,0f630bea2f3b341c498b88d012f4a48fd379d092,src/interface/console.c,"static int cc_hide(const char **argv, int argc)
{
	console_close();
	return 0;
}
",2016-06-04 20:21:04 +0100,103, GAME_COMMAND_FLAG_NETWORKED = (1 << 31) // Game command is coming from network                                  ^
993,openrct2/openrct2,0f630bea2f3b341c498b88d012f4a48fd379d092,src/interface/console.c,"static int cc_hide(const char **argv, int argc)
{
	console_close();
	return 0;
}
",2016-06-04 20:21:04 +0100,162, TRACK_FLAGS2_SIX_FLAGS_RIDE_DEPRECATED = (1 << 31)  // Not used anymore.                                             ^
994,openrct2/openrct2,0f630bea2f3b341c498b88d012f4a48fd379d092,src/interface/console.c,"static int cc_hide(const char **argv, int argc)
{
	console_close();
	return 0;
}
",2016-06-04 20:21:04 +0100,278, PEEP_FLAGS_TWITCH = (1 << 31)  // Added for twitch integration                        ^
995,openrct2/openrct2,0f630bea2f3b341c498b88d012f4a48fd379d092,src/interface/console.c,"static int cc_hide(const char **argv, int argc)
{
	console_close();
	return 0;
}
",2016-06-04 20:21:04 +0100,440," RIDE_ENTRY_FLAG_31 = 1 << 31, // 0x80000000                        ^"
996,openrct2/openrct2,0f630bea2f3b341c498b88d012f4a48fd379d092,src/interface/console.c,"static int cc_hide(const char **argv, int argc)
{
	console_close();
	return 0;
}
",2016-06-04 20:21:04 +0100,780," RIDE_TYPE_FLAG_SUPPORTS_MULTIPLE_TRACK_COLOUR = 1 << 31,                                                   ^"
997,openrct2/openrct2,0f630bea2f3b341c498b88d012f4a48fd379d092,src/interface/console.c,"static int cc_hide(const char **argv, int argc)
{
	console_close();
	return 0;
}
",2016-06-04 20:21:04 +0100,103, GAME_COMMAND_FLAG_NETWORKED = (1 << 31) // Game command is coming from network                                  ^
998,openrct2/openrct2,0f630bea2f3b341c498b88d012f4a48fd379d092,src/interface/console.c,"static int cc_hide(const char **argv, int argc)
{
	console_close();
	return 0;
}
",2016-06-04 20:21:04 +0100,162, TRACK_FLAGS2_SIX_FLAGS_RIDE_DEPRECATED = (1 << 31)  // Not used anymore.                                             ^
999,openrct2/openrct2,0f630bea2f3b341c498b88d012f4a48fd379d092,src/interface/console.c,"static int cc_hide(const char **argv, int argc)
{
	console_close();
	return 0;
}
",2016-06-04 20:21:04 +0100,933,        scenerySetEntry = get_scenery_group_entry(entryGroupIndex)
1000,openrct2/openrct2,0f630bea2f3b341c498b88d012f4a48fd379d092,src/interface/console.c,"static int cc_hide(const char **argv, int argc)
{
	console_close();
	return 0;
}
",2016-06-04 20:21:04 +0100,1141, bool inQuotes = false
1001,openrct2/openrct2,fc5b5966c826e0a783b21125dba9ba77c197c2a4,src/interface/console.c,"static int cc_hide(const char **argv, int argc)
{
	console_close();
	return 0;
}
",2016-06-04 21:08:03 +0100,83," CURSOR_RELEASED = CURSOR_UP | CURSOR_CHANGED,                             ^"
1002,openrct2/openrct2,fc5b5966c826e0a783b21125dba9ba77c197c2a4,src/interface/console.c,"static int cc_hide(const char **argv, int argc)
{
	console_close();
	return 0;
}
",2016-06-04 21:08:03 +0100,1156,"    argv = realloc(argv, argvCapacity * sizeof(utf8*))"
1003,openrct2/openrct2,fc5b5966c826e0a783b21125dba9ba77c197c2a4,src/interface/console.c,"static int cc_hide(const char **argv, int argc)
{
	console_close();
	return 0;
}
",2016-06-04 21:08:03 +0100,500,"   FOR_ALL_STAFF(i, peep) {   ^"
1004,openrct2/openrct2,fc5b5966c826e0a783b21125dba9ba77c197c2a4,src/interface/console.c,"static int cc_hide(const char **argv, int argc)
{
	console_close();
	return 0;
}
",2016-06-04 21:08:03 +0100,654, int i
1005,openrct2/openrct2,fc5b5966c826e0a783b21125dba9ba77c197c2a4,src/interface/console.c,"static int cc_hide(const char **argv, int argc)
{
	console_close();
	return 0;
}
",2016-06-04 21:08:03 +0100,901,        int rideType
1006,openrct2/openrct2,fc5b5966c826e0a783b21125dba9ba77c197c2a4,src/interface/console.c,"static int cc_hide(const char **argv, int argc)
{
	console_close();
	return 0;
}
",2016-06-04 21:08:03 +0100,278, PEEP_FLAGS_TWITCH = (1 << 31)  // Added for twitch integration                        ^
1007,openrct2/openrct2,fc5b5966c826e0a783b21125dba9ba77c197c2a4,src/interface/console.c,"static int cc_hide(const char **argv, int argc)
{
	console_close();
	return 0;
}
",2016-06-04 21:08:03 +0100,440," RIDE_ENTRY_FLAG_31 = 1 << 31, // 0x80000000                        ^"
1008,openrct2/openrct2,fc5b5966c826e0a783b21125dba9ba77c197c2a4,src/interface/console.c,"static int cc_hide(const char **argv, int argc)
{
	console_close();
	return 0;
}
",2016-06-04 21:08:03 +0100,780," RIDE_TYPE_FLAG_SUPPORTS_MULTIPLE_TRACK_COLOUR = 1 << 31,                                                   ^"
1009,openrct2/openrct2,fc5b5966c826e0a783b21125dba9ba77c197c2a4,src/interface/console.c,"static int cc_hide(const char **argv, int argc)
{
	console_close();
	return 0;
}
",2016-06-04 21:08:03 +0100,103, GAME_COMMAND_FLAG_NETWORKED = (1 << 31) // Game command is coming from network                                  ^
1010,openrct2/openrct2,fc5b5966c826e0a783b21125dba9ba77c197c2a4,src/interface/console.c,"static int cc_hide(const char **argv, int argc)
{
	console_close();
	return 0;
}
",2016-06-04 21:08:03 +0100,162, TRACK_FLAGS2_SIX_FLAGS_RIDE_DEPRECATED = (1 << 31)  // Not used anymore.                                             ^
1011,openrct2/openrct2,fc5b5966c826e0a783b21125dba9ba77c197c2a4,src/interface/console.c,"static int cc_hide(const char **argv, int argc)
{
	console_close();
	return 0;
}
",2016-06-04 21:08:03 +0100,278, PEEP_FLAGS_TWITCH = (1 << 31)  // Added for twitch integration                        ^
1012,openrct2/openrct2,fc5b5966c826e0a783b21125dba9ba77c197c2a4,src/interface/console.c,"static int cc_hide(const char **argv, int argc)
{
	console_close();
	return 0;
}
",2016-06-04 21:08:03 +0100,440," RIDE_ENTRY_FLAG_31 = 1 << 31, // 0x80000000                        ^"
1013,openrct2/openrct2,fc5b5966c826e0a783b21125dba9ba77c197c2a4,src/interface/console.c,"static int cc_hide(const char **argv, int argc)
{
	console_close();
	return 0;
}
",2016-06-04 21:08:03 +0100,780," RIDE_TYPE_FLAG_SUPPORTS_MULTIPLE_TRACK_COLOUR = 1 << 31,                                                   ^"
1014,openrct2/openrct2,fc5b5966c826e0a783b21125dba9ba77c197c2a4,src/interface/console.c,"static int cc_hide(const char **argv, int argc)
{
	console_close();
	return 0;
}
",2016-06-04 21:08:03 +0100,103, GAME_COMMAND_FLAG_NETWORKED = (1 << 31) // Game command is coming from network                                  ^
1015,openrct2/openrct2,fc5b5966c826e0a783b21125dba9ba77c197c2a4,src/interface/console.c,"static int cc_hide(const char **argv, int argc)
{
	console_close();
	return 0;
}
",2016-06-04 21:08:03 +0100,162, TRACK_FLAGS2_SIX_FLAGS_RIDE_DEPRECATED = (1 << 31)  // Not used anymore.                                             ^
1016,openrct2/openrct2,fc5b5966c826e0a783b21125dba9ba77c197c2a4,src/interface/console.c,"static int cc_hide(const char **argv, int argc)
{
	console_close();
	return 0;
}
",2016-06-04 21:08:03 +0100,480,       ride->subtype = subtype
1017,openrct2/openrct2,fc5b5966c826e0a783b21125dba9ba77c197c2a4,src/interface/console.c,"static int cc_hide(const char **argv, int argc)
{
	console_close();
	return 0;
}
",2016-06-04 21:08:03 +0100,918,        scenerySetEntry = get_scenery_group_entry(entryGroupIndex)
1018,openrct2/openrct2,fc5b5966c826e0a783b21125dba9ba77c197c2a4,src/interface/console.c,"static int cc_hide(const char **argv, int argc)
{
	console_close();
	return 0;
}
",2016-06-04 21:08:03 +0100,1126, bool inQuotes = false
1019,openrct2/openrct2,bbd7e809fd59a65f5e0b08683da094d7f8924791,src/interface/console.c,"static int cc_hide(const char **argv, int argc)
{
	console_close();
	return 0;
}
",2016-06-04 21:36:27 +0100,83," CURSOR_RELEASED = CURSOR_UP | CURSOR_CHANGED,                             ^"
1020,openrct2/openrct2,bbd7e809fd59a65f5e0b08683da094d7f8924791,src/interface/console.c,"static int cc_hide(const char **argv, int argc)
{
	console_close();
	return 0;
}
",2016-06-04 21:36:27 +0100,1156,"    argv = realloc(argv, argvCapacity * sizeof(utf8*))"
1021,openrct2/openrct2,bbd7e809fd59a65f5e0b08683da094d7f8924791,src/interface/console.c,"static int cc_hide(const char **argv, int argc)
{
	console_close();
	return 0;
}
",2016-06-04 21:36:27 +0100,500,"   FOR_ALL_STAFF(i, peep) {   ^"
1022,openrct2/openrct2,bbd7e809fd59a65f5e0b08683da094d7f8924791,src/interface/console.c,"static int cc_hide(const char **argv, int argc)
{
	console_close();
	return 0;
}
",2016-06-04 21:36:27 +0100,654, int i
1023,openrct2/openrct2,bbd7e809fd59a65f5e0b08683da094d7f8924791,src/interface/console.c,"static int cc_hide(const char **argv, int argc)
{
	console_close();
	return 0;
}
",2016-06-04 21:36:27 +0100,901,        int rideType
1024,openrct2/openrct2,bbd7e809fd59a65f5e0b08683da094d7f8924791,src/interface/console.c,"static int cc_hide(const char **argv, int argc)
{
	console_close();
	return 0;
}
",2016-06-04 21:36:27 +0100,278, PEEP_FLAGS_TWITCH = (1 << 31)  // Added for twitch integration                        ^
1025,openrct2/openrct2,bbd7e809fd59a65f5e0b08683da094d7f8924791,src/interface/console.c,"static int cc_hide(const char **argv, int argc)
{
	console_close();
	return 0;
}
",2016-06-04 21:36:27 +0100,440," RIDE_ENTRY_FLAG_31 = 1 << 31, // 0x80000000                        ^"
1026,openrct2/openrct2,bbd7e809fd59a65f5e0b08683da094d7f8924791,src/interface/console.c,"static int cc_hide(const char **argv, int argc)
{
	console_close();
	return 0;
}
",2016-06-04 21:36:27 +0100,780," RIDE_TYPE_FLAG_SUPPORTS_MULTIPLE_TRACK_COLOUR = 1 << 31,                                                   ^"
1027,openrct2/openrct2,bbd7e809fd59a65f5e0b08683da094d7f8924791,src/interface/console.c,"static int cc_hide(const char **argv, int argc)
{
	console_close();
	return 0;
}
",2016-06-04 21:36:27 +0100,103, GAME_COMMAND_FLAG_NETWORKED = (1 << 31) // Game command is coming from network                                  ^
1028,openrct2/openrct2,bbd7e809fd59a65f5e0b08683da094d7f8924791,src/interface/console.c,"static int cc_hide(const char **argv, int argc)
{
	console_close();
	return 0;
}
",2016-06-04 21:36:27 +0100,162, TRACK_FLAGS2_SIX_FLAGS_RIDE_DEPRECATED = (1 << 31)  // Not used anymore.                                             ^
1029,openrct2/openrct2,bbd7e809fd59a65f5e0b08683da094d7f8924791,src/interface/console.c,"static int cc_hide(const char **argv, int argc)
{
	console_close();
	return 0;
}
",2016-06-04 21:36:27 +0100,278, PEEP_FLAGS_TWITCH = (1 << 31)  // Added for twitch integration                        ^
1030,openrct2/openrct2,bbd7e809fd59a65f5e0b08683da094d7f8924791,src/interface/console.c,"static int cc_hide(const char **argv, int argc)
{
	console_close();
	return 0;
}
",2016-06-04 21:36:27 +0100,440," RIDE_ENTRY_FLAG_31 = 1 << 31, // 0x80000000                        ^"
1031,openrct2/openrct2,bbd7e809fd59a65f5e0b08683da094d7f8924791,src/interface/console.c,"static int cc_hide(const char **argv, int argc)
{
	console_close();
	return 0;
}
",2016-06-04 21:36:27 +0100,780," RIDE_TYPE_FLAG_SUPPORTS_MULTIPLE_TRACK_COLOUR = 1 << 31,                                                   ^"
1032,openrct2/openrct2,bbd7e809fd59a65f5e0b08683da094d7f8924791,src/interface/console.c,"static int cc_hide(const char **argv, int argc)
{
	console_close();
	return 0;
}
",2016-06-04 21:36:27 +0100,103, GAME_COMMAND_FLAG_NETWORKED = (1 << 31) // Game command is coming from network                                  ^
1033,openrct2/openrct2,bbd7e809fd59a65f5e0b08683da094d7f8924791,src/interface/console.c,"static int cc_hide(const char **argv, int argc)
{
	console_close();
	return 0;
}
",2016-06-04 21:36:27 +0100,162, TRACK_FLAGS2_SIX_FLAGS_RIDE_DEPRECATED = (1 << 31)  // Not used anymore.                                             ^
1034,openrct2/openrct2,bbd7e809fd59a65f5e0b08683da094d7f8924791,src/interface/console.c,"static int cc_hide(const char **argv, int argc)
{
	console_close();
	return 0;
}
",2016-06-04 21:36:27 +0100,480,       ride->subtype = subtype
1035,openrct2/openrct2,bbd7e809fd59a65f5e0b08683da094d7f8924791,src/interface/console.c,"static int cc_hide(const char **argv, int argc)
{
	console_close();
	return 0;
}
",2016-06-04 21:36:27 +0100,918,        scenerySetEntry = get_scenery_group_entry(entryGroupIndex)
1036,openrct2/openrct2,bbd7e809fd59a65f5e0b08683da094d7f8924791,src/interface/console.c,"static int cc_hide(const char **argv, int argc)
{
	console_close();
	return 0;
}
",2016-06-04 21:36:27 +0100,1126, bool inQuotes = false
1037,openrct2/openrct2,402e5a32a05896f0ed44015f468b0306df0ebb38,src/interface/console.c,"static int cc_hide(const char **argv, int argc)
{
	console_close();
	return 0;
}
",2016-06-19 23:52:20 +0200,83," CURSOR_RELEASED = CURSOR_UP | CURSOR_CHANGED,                             ^"
1038,openrct2/openrct2,402e5a32a05896f0ed44015f468b0306df0ebb38,src/interface/console.c,"static int cc_hide(const char **argv, int argc)
{
	console_close();
	return 0;
}
",2016-06-19 23:52:20 +0200,1182,"    argv = realloc(argv, argvCapacity * sizeof(utf8*))"
1039,openrct2/openrct2,402e5a32a05896f0ed44015f468b0306df0ebb38,src/interface/console.c,"static int cc_hide(const char **argv, int argc)
{
	console_close();
	return 0;
}
",2016-06-19 23:52:20 +0200,526,"   FOR_ALL_STAFF(i, peep) {   ^"
1040,openrct2/openrct2,402e5a32a05896f0ed44015f468b0306df0ebb38,src/interface/console.c,"static int cc_hide(const char **argv, int argc)
{
	console_close();
	return 0;
}
",2016-06-19 23:52:20 +0200,680, int i
1041,openrct2/openrct2,402e5a32a05896f0ed44015f468b0306df0ebb38,src/interface/console.c,"static int cc_hide(const char **argv, int argc)
{
	console_close();
	return 0;
}
",2016-06-19 23:52:20 +0200,927,        int rideType
1042,openrct2/openrct2,402e5a32a05896f0ed44015f468b0306df0ebb38,src/interface/console.c,"static int cc_hide(const char **argv, int argc)
{
	console_close();
	return 0;
}
",2016-06-19 23:52:20 +0200,278, PEEP_FLAGS_TWITCH = (1 << 31)  // Added for twitch integration                        ^
1043,openrct2/openrct2,402e5a32a05896f0ed44015f468b0306df0ebb38,src/interface/console.c,"static int cc_hide(const char **argv, int argc)
{
	console_close();
	return 0;
}
",2016-06-19 23:52:20 +0200,440," RIDE_ENTRY_FLAG_31 = 1 << 31, // 0x80000000                        ^"
1044,openrct2/openrct2,402e5a32a05896f0ed44015f468b0306df0ebb38,src/interface/console.c,"static int cc_hide(const char **argv, int argc)
{
	console_close();
	return 0;
}
",2016-06-19 23:52:20 +0200,780," RIDE_TYPE_FLAG_SUPPORTS_MULTIPLE_TRACK_COLOUR = 1 << 31,                                                   ^"
1045,openrct2/openrct2,402e5a32a05896f0ed44015f468b0306df0ebb38,src/interface/console.c,"static int cc_hide(const char **argv, int argc)
{
	console_close();
	return 0;
}
",2016-06-19 23:52:20 +0200,103, GAME_COMMAND_FLAG_NETWORKED = (1 << 31) // Game command is coming from network                                  ^
1046,openrct2/openrct2,402e5a32a05896f0ed44015f468b0306df0ebb38,src/interface/console.c,"static int cc_hide(const char **argv, int argc)
{
	console_close();
	return 0;
}
",2016-06-19 23:52:20 +0200,162, TRACK_FLAGS2_SIX_FLAGS_RIDE_DEPRECATED = (1 << 31)  // Not used anymore.                                             ^
1047,openrct2/openrct2,402e5a32a05896f0ed44015f468b0306df0ebb38,src/interface/console.c,"static int cc_hide(const char **argv, int argc)
{
	console_close();
	return 0;
}
",2016-06-19 23:52:20 +0200,278, PEEP_FLAGS_TWITCH = (1 << 31)  // Added for twitch integration                        ^
1048,openrct2/openrct2,402e5a32a05896f0ed44015f468b0306df0ebb38,src/interface/console.c,"static int cc_hide(const char **argv, int argc)
{
	console_close();
	return 0;
}
",2016-06-19 23:52:20 +0200,440," RIDE_ENTRY_FLAG_31 = 1 << 31, // 0x80000000                        ^"
1049,openrct2/openrct2,402e5a32a05896f0ed44015f468b0306df0ebb38,src/interface/console.c,"static int cc_hide(const char **argv, int argc)
{
	console_close();
	return 0;
}
",2016-06-19 23:52:20 +0200,780," RIDE_TYPE_FLAG_SUPPORTS_MULTIPLE_TRACK_COLOUR = 1 << 31,                                                   ^"
1050,openrct2/openrct2,402e5a32a05896f0ed44015f468b0306df0ebb38,src/interface/console.c,"static int cc_hide(const char **argv, int argc)
{
	console_close();
	return 0;
}
",2016-06-19 23:52:20 +0200,103, GAME_COMMAND_FLAG_NETWORKED = (1 << 31) // Game command is coming from network                                  ^
1051,openrct2/openrct2,402e5a32a05896f0ed44015f468b0306df0ebb38,src/interface/console.c,"static int cc_hide(const char **argv, int argc)
{
	console_close();
	return 0;
}
",2016-06-19 23:52:20 +0200,162, TRACK_FLAGS2_SIX_FLAGS_RIDE_DEPRECATED = (1 << 31)  // Not used anymore.                                             ^
1052,openrct2/openrct2,402e5a32a05896f0ed44015f468b0306df0ebb38,src/interface/console.c,"static int cc_hide(const char **argv, int argc)
{
	console_close();
	return 0;
}
",2016-06-19 23:52:20 +0200,480,       ride->subtype = subtype
1053,openrct2/openrct2,402e5a32a05896f0ed44015f468b0306df0ebb38,src/interface/console.c,"static int cc_hide(const char **argv, int argc)
{
	console_close();
	return 0;
}
",2016-06-19 23:52:20 +0200,944,        scenerySetEntry = get_scenery_group_entry(entryGroupIndex)
1054,openrct2/openrct2,402e5a32a05896f0ed44015f468b0306df0ebb38,src/interface/console.c,"static int cc_hide(const char **argv, int argc)
{
	console_close();
	return 0;
}
",2016-06-19 23:52:20 +0200,1152, bool inQuotes = false
1055,openrct2/openrct2,dfa482b1b5b5b753b0696485d39f0338a97b7025,src/interface/console.c,"static int cc_hide(const char **argv, int argc)
{
	console_close();
	return 0;
}
",2016-06-24 22:40:37 +0200,83," CURSOR_RELEASED = CURSOR_UP | CURSOR_CHANGED,                             ^"
1056,openrct2/openrct2,dfa482b1b5b5b753b0696485d39f0338a97b7025,src/interface/console.c,"static int cc_hide(const char **argv, int argc)
{
	console_close();
	return 0;
}
",2016-06-24 22:40:37 +0200,1182,"    argv = realloc(argv, argvCapacity * sizeof(utf8*))"
1057,openrct2/openrct2,dfa482b1b5b5b753b0696485d39f0338a97b7025,src/interface/console.c,"static int cc_hide(const char **argv, int argc)
{
	console_close();
	return 0;
}
",2016-06-24 22:40:37 +0200,526,"   FOR_ALL_STAFF(i, peep) {   ^"
1058,openrct2/openrct2,dfa482b1b5b5b753b0696485d39f0338a97b7025,src/interface/console.c,"static int cc_hide(const char **argv, int argc)
{
	console_close();
	return 0;
}
",2016-06-24 22:40:37 +0200,680, int i
1059,openrct2/openrct2,dfa482b1b5b5b753b0696485d39f0338a97b7025,src/interface/console.c,"static int cc_hide(const char **argv, int argc)
{
	console_close();
	return 0;
}
",2016-06-24 22:40:37 +0200,927,        int rideType
1060,openrct2/openrct2,dfa482b1b5b5b753b0696485d39f0338a97b7025,src/interface/console.c,"static int cc_hide(const char **argv, int argc)
{
	console_close();
	return 0;
}
",2016-06-24 22:40:37 +0200,278, PEEP_FLAGS_TWITCH = (1 << 31)  // Added for twitch integration                        ^
1061,openrct2/openrct2,dfa482b1b5b5b753b0696485d39f0338a97b7025,src/interface/console.c,"static int cc_hide(const char **argv, int argc)
{
	console_close();
	return 0;
}
",2016-06-24 22:40:37 +0200,449," RIDE_ENTRY_FLAG_31 = 1 << 31, // 0x80000000                        ^"
1062,openrct2/openrct2,dfa482b1b5b5b753b0696485d39f0338a97b7025,src/interface/console.c,"static int cc_hide(const char **argv, int argc)
{
	console_close();
	return 0;
}
",2016-06-24 22:40:37 +0200,789," RIDE_TYPE_FLAG_SUPPORTS_MULTIPLE_TRACK_COLOUR = 1 << 31,                                                   ^"
1063,openrct2/openrct2,dfa482b1b5b5b753b0696485d39f0338a97b7025,src/interface/console.c,"static int cc_hide(const char **argv, int argc)
{
	console_close();
	return 0;
}
",2016-06-24 22:40:37 +0200,103, GAME_COMMAND_FLAG_NETWORKED = (1 << 31) // Game command is coming from network                                  ^
1064,openrct2/openrct2,dfa482b1b5b5b753b0696485d39f0338a97b7025,src/interface/console.c,"static int cc_hide(const char **argv, int argc)
{
	console_close();
	return 0;
}
",2016-06-24 22:40:37 +0200,162, TRACK_FLAGS2_SIX_FLAGS_RIDE_DEPRECATED = (1 << 31)  // Not used anymore.                                             ^
1065,openrct2/openrct2,dfa482b1b5b5b753b0696485d39f0338a97b7025,src/interface/console.c,"static int cc_hide(const char **argv, int argc)
{
	console_close();
	return 0;
}
",2016-06-24 22:40:37 +0200,278, PEEP_FLAGS_TWITCH = (1 << 31)  // Added for twitch integration                        ^
1066,openrct2/openrct2,dfa482b1b5b5b753b0696485d39f0338a97b7025,src/interface/console.c,"static int cc_hide(const char **argv, int argc)
{
	console_close();
	return 0;
}
",2016-06-24 22:40:37 +0200,449," RIDE_ENTRY_FLAG_31 = 1 << 31, // 0x80000000                        ^"
1067,openrct2/openrct2,dfa482b1b5b5b753b0696485d39f0338a97b7025,src/interface/console.c,"static int cc_hide(const char **argv, int argc)
{
	console_close();
	return 0;
}
",2016-06-24 22:40:37 +0200,789," RIDE_TYPE_FLAG_SUPPORTS_MULTIPLE_TRACK_COLOUR = 1 << 31,                                                   ^"
1068,openrct2/openrct2,dfa482b1b5b5b753b0696485d39f0338a97b7025,src/interface/console.c,"static int cc_hide(const char **argv, int argc)
{
	console_close();
	return 0;
}
",2016-06-24 22:40:37 +0200,103, GAME_COMMAND_FLAG_NETWORKED = (1 << 31) // Game command is coming from network                                  ^
1069,openrct2/openrct2,dfa482b1b5b5b753b0696485d39f0338a97b7025,src/interface/console.c,"static int cc_hide(const char **argv, int argc)
{
	console_close();
	return 0;
}
",2016-06-24 22:40:37 +0200,162, TRACK_FLAGS2_SIX_FLAGS_RIDE_DEPRECATED = (1 << 31)  // Not used anymore.                                             ^
1070,openrct2/openrct2,dfa482b1b5b5b753b0696485d39f0338a97b7025,src/interface/console.c,"static int cc_hide(const char **argv, int argc)
{
	console_close();
	return 0;
}
",2016-06-24 22:40:37 +0200,480,       ride->subtype = subtype
1071,openrct2/openrct2,dfa482b1b5b5b753b0696485d39f0338a97b7025,src/interface/console.c,"static int cc_hide(const char **argv, int argc)
{
	console_close();
	return 0;
}
",2016-06-24 22:40:37 +0200,944,        scenerySetEntry = get_scenery_group_entry(entryGroupIndex)
1072,openrct2/openrct2,dfa482b1b5b5b753b0696485d39f0338a97b7025,src/interface/console.c,"static int cc_hide(const char **argv, int argc)
{
	console_close();
	return 0;
}
",2016-06-24 22:40:37 +0200,1152, bool inQuotes = false
1073,openrct2/openrct2,35676d31f74d04b6795b91d3e6a2651487a92181,src/interface/console.c,"static int cc_hide(const char **argv, int argc)
{
	console_close();
	return 0;
}
",2016-06-24 23:25:40 +0200,83," CURSOR_RELEASED = CURSOR_UP | CURSOR_CHANGED,                             ^"
1074,openrct2/openrct2,35676d31f74d04b6795b91d3e6a2651487a92181,src/interface/console.c,"static int cc_hide(const char **argv, int argc)
{
	console_close();
	return 0;
}
",2016-06-24 23:25:40 +0200,1182,"    argv = realloc(argv, argvCapacity * sizeof(utf8*))"
1075,openrct2/openrct2,35676d31f74d04b6795b91d3e6a2651487a92181,src/interface/console.c,"static int cc_hide(const char **argv, int argc)
{
	console_close();
	return 0;
}
",2016-06-24 23:25:40 +0200,526,"   FOR_ALL_STAFF(i, peep) {   ^"
1076,openrct2/openrct2,35676d31f74d04b6795b91d3e6a2651487a92181,src/interface/console.c,"static int cc_hide(const char **argv, int argc)
{
	console_close();
	return 0;
}
",2016-06-24 23:25:40 +0200,680, int i
1077,openrct2/openrct2,35676d31f74d04b6795b91d3e6a2651487a92181,src/interface/console.c,"static int cc_hide(const char **argv, int argc)
{
	console_close();
	return 0;
}
",2016-06-24 23:25:40 +0200,927,        int rideType
1078,openrct2/openrct2,35676d31f74d04b6795b91d3e6a2651487a92181,src/interface/console.c,"static int cc_hide(const char **argv, int argc)
{
	console_close();
	return 0;
}
",2016-06-24 23:25:40 +0200,278, PEEP_FLAGS_TWITCH = (1 << 31)  // Added for twitch integration                        ^
1079,openrct2/openrct2,35676d31f74d04b6795b91d3e6a2651487a92181,src/interface/console.c,"static int cc_hide(const char **argv, int argc)
{
	console_close();
	return 0;
}
",2016-06-24 23:25:40 +0200,449," RIDE_ENTRY_FLAG_31 = 1 << 31, // 0x80000000                        ^"
1080,openrct2/openrct2,35676d31f74d04b6795b91d3e6a2651487a92181,src/interface/console.c,"static int cc_hide(const char **argv, int argc)
{
	console_close();
	return 0;
}
",2016-06-24 23:25:40 +0200,789," RIDE_TYPE_FLAG_SUPPORTS_MULTIPLE_TRACK_COLOUR = 1 << 31,                                                   ^"
1081,openrct2/openrct2,35676d31f74d04b6795b91d3e6a2651487a92181,src/interface/console.c,"static int cc_hide(const char **argv, int argc)
{
	console_close();
	return 0;
}
",2016-06-24 23:25:40 +0200,103, GAME_COMMAND_FLAG_NETWORKED = (1 << 31) // Game command is coming from network                                  ^
1082,openrct2/openrct2,35676d31f74d04b6795b91d3e6a2651487a92181,src/interface/console.c,"static int cc_hide(const char **argv, int argc)
{
	console_close();
	return 0;
}
",2016-06-24 23:25:40 +0200,162, TRACK_FLAGS2_SIX_FLAGS_RIDE_DEPRECATED = (1 << 31)  // Not used anymore.                                             ^
1083,openrct2/openrct2,35676d31f74d04b6795b91d3e6a2651487a92181,src/interface/console.c,"static int cc_hide(const char **argv, int argc)
{
	console_close();
	return 0;
}
",2016-06-24 23:25:40 +0200,278, PEEP_FLAGS_TWITCH = (1 << 31)  // Added for twitch integration                        ^
1084,openrct2/openrct2,35676d31f74d04b6795b91d3e6a2651487a92181,src/interface/console.c,"static int cc_hide(const char **argv, int argc)
{
	console_close();
	return 0;
}
",2016-06-24 23:25:40 +0200,449," RIDE_ENTRY_FLAG_31 = 1 << 31, // 0x80000000                        ^"
1085,openrct2/openrct2,35676d31f74d04b6795b91d3e6a2651487a92181,src/interface/console.c,"static int cc_hide(const char **argv, int argc)
{
	console_close();
	return 0;
}
",2016-06-24 23:25:40 +0200,789," RIDE_TYPE_FLAG_SUPPORTS_MULTIPLE_TRACK_COLOUR = 1 << 31,                                                   ^"
1086,openrct2/openrct2,35676d31f74d04b6795b91d3e6a2651487a92181,src/interface/console.c,"static int cc_hide(const char **argv, int argc)
{
	console_close();
	return 0;
}
",2016-06-24 23:25:40 +0200,103, GAME_COMMAND_FLAG_NETWORKED = (1 << 31) // Game command is coming from network                                  ^
1087,openrct2/openrct2,35676d31f74d04b6795b91d3e6a2651487a92181,src/interface/console.c,"static int cc_hide(const char **argv, int argc)
{
	console_close();
	return 0;
}
",2016-06-24 23:25:40 +0200,162, TRACK_FLAGS2_SIX_FLAGS_RIDE_DEPRECATED = (1 << 31)  // Not used anymore.                                             ^
1088,openrct2/openrct2,35676d31f74d04b6795b91d3e6a2651487a92181,src/interface/console.c,"static int cc_hide(const char **argv, int argc)
{
	console_close();
	return 0;
}
",2016-06-24 23:25:40 +0200,480,       ride->subtype = subtype
1089,openrct2/openrct2,35676d31f74d04b6795b91d3e6a2651487a92181,src/interface/console.c,"static int cc_hide(const char **argv, int argc)
{
	console_close();
	return 0;
}
",2016-06-24 23:25:40 +0200,944,        scenerySetEntry = get_scenery_group_entry(entryGroupIndex)
1090,openrct2/openrct2,35676d31f74d04b6795b91d3e6a2651487a92181,src/interface/console.c,"static int cc_hide(const char **argv, int argc)
{
	console_close();
	return 0;
}
",2016-06-24 23:25:40 +0200,1152, bool inQuotes = false
1091,openrct2/openrct2,4bed693344b53133b03e69c7c113f5d10c6dcb10,src/interface/console.c,"static int cc_hide(const char **argv, int argc)
{
	console_close();
	return 0;
}
",2016-07-08 22:58:38 +0100,83," CURSOR_RELEASED = CURSOR_UP | CURSOR_CHANGED,                             ^"
1092,openrct2/openrct2,4bed693344b53133b03e69c7c113f5d10c6dcb10,src/interface/console.c,"static int cc_hide(const char **argv, int argc)
{
	console_close();
	return 0;
}
",2016-07-08 22:58:38 +0100,1159,"    argv = realloc(argv, argvCapacity * sizeof(utf8*))"
1093,openrct2/openrct2,4bed693344b53133b03e69c7c113f5d10c6dcb10,src/interface/console.c,"static int cc_hide(const char **argv, int argc)
{
	console_close();
	return 0;
}
",2016-07-08 22:58:38 +0100,526,"   FOR_ALL_STAFF(i, peep) {   ^"
1094,openrct2/openrct2,4bed693344b53133b03e69c7c113f5d10c6dcb10,src/interface/console.c,"static int cc_hide(const char **argv, int argc)
{
	console_close();
	return 0;
}
",2016-07-08 22:58:38 +0100,680, int i
1095,openrct2/openrct2,4bed693344b53133b03e69c7c113f5d10c6dcb10,src/interface/console.c,"static int cc_hide(const char **argv, int argc)
{
	console_close();
	return 0;
}
",2016-07-08 22:58:38 +0100,904,        int rideType
1096,openrct2/openrct2,4bed693344b53133b03e69c7c113f5d10c6dcb10,src/interface/console.c,"static int cc_hide(const char **argv, int argc)
{
	console_close();
	return 0;
}
",2016-07-08 22:58:38 +0100,278, PEEP_FLAGS_TWITCH = (1 << 31)  // Added for twitch integration                        ^
1097,openrct2/openrct2,4bed693344b53133b03e69c7c113f5d10c6dcb10,src/interface/console.c,"static int cc_hide(const char **argv, int argc)
{
	console_close();
	return 0;
}
",2016-07-08 22:58:38 +0100,449," RIDE_ENTRY_FLAG_31 = 1 << 31, // 0x80000000                        ^"
1098,openrct2/openrct2,4bed693344b53133b03e69c7c113f5d10c6dcb10,src/interface/console.c,"static int cc_hide(const char **argv, int argc)
{
	console_close();
	return 0;
}
",2016-07-08 22:58:38 +0100,789," RIDE_TYPE_FLAG_SUPPORTS_MULTIPLE_TRACK_COLOUR = 1 << 31,                                                   ^"
1099,openrct2/openrct2,4bed693344b53133b03e69c7c113f5d10c6dcb10,src/interface/console.c,"static int cc_hide(const char **argv, int argc)
{
	console_close();
	return 0;
}
",2016-07-08 22:58:38 +0100,103, GAME_COMMAND_FLAG_NETWORKED = (1 << 31) // Game command is coming from network                                  ^
1100,openrct2/openrct2,4bed693344b53133b03e69c7c113f5d10c6dcb10,src/interface/console.c,"static int cc_hide(const char **argv, int argc)
{
	console_close();
	return 0;
}
",2016-07-08 22:58:38 +0100,162, TRACK_FLAGS2_SIX_FLAGS_RIDE_DEPRECATED = (1 << 31)  // Not used anymore.                                             ^
1101,openrct2/openrct2,4bed693344b53133b03e69c7c113f5d10c6dcb10,src/interface/console.c,"static int cc_hide(const char **argv, int argc)
{
	console_close();
	return 0;
}
",2016-07-08 22:58:38 +0100,278, PEEP_FLAGS_TWITCH = (1 << 31)  // Added for twitch integration                        ^
1102,openrct2/openrct2,4bed693344b53133b03e69c7c113f5d10c6dcb10,src/interface/console.c,"static int cc_hide(const char **argv, int argc)
{
	console_close();
	return 0;
}
",2016-07-08 22:58:38 +0100,449," RIDE_ENTRY_FLAG_31 = 1 << 31, // 0x80000000                        ^"
1103,openrct2/openrct2,4bed693344b53133b03e69c7c113f5d10c6dcb10,src/interface/console.c,"static int cc_hide(const char **argv, int argc)
{
	console_close();
	return 0;
}
",2016-07-08 22:58:38 +0100,789," RIDE_TYPE_FLAG_SUPPORTS_MULTIPLE_TRACK_COLOUR = 1 << 31,                                                   ^"
1104,openrct2/openrct2,4bed693344b53133b03e69c7c113f5d10c6dcb10,src/interface/console.c,"static int cc_hide(const char **argv, int argc)
{
	console_close();
	return 0;
}
",2016-07-08 22:58:38 +0100,103, GAME_COMMAND_FLAG_NETWORKED = (1 << 31) // Game command is coming from network                                  ^
1105,openrct2/openrct2,4bed693344b53133b03e69c7c113f5d10c6dcb10,src/interface/console.c,"static int cc_hide(const char **argv, int argc)
{
	console_close();
	return 0;
}
",2016-07-08 22:58:38 +0100,162, TRACK_FLAGS2_SIX_FLAGS_RIDE_DEPRECATED = (1 << 31)  // Not used anymore.                                             ^
1106,openrct2/openrct2,4bed693344b53133b03e69c7c113f5d10c6dcb10,src/interface/console.c,"static int cc_hide(const char **argv, int argc)
{
	console_close();
	return 0;
}
",2016-07-08 22:58:38 +0100,480,       ride->subtype = subtype
1107,openrct2/openrct2,4bed693344b53133b03e69c7c113f5d10c6dcb10,src/interface/console.c,"static int cc_hide(const char **argv, int argc)
{
	console_close();
	return 0;
}
",2016-07-08 22:58:38 +0100,921,        scenerySetEntry = get_scenery_group_entry(entryGroupIndex)
1108,openrct2/openrct2,4bed693344b53133b03e69c7c113f5d10c6dcb10,src/interface/console.c,"static int cc_hide(const char **argv, int argc)
{
	console_close();
	return 0;
}
",2016-07-08 22:58:38 +0100,1129, bool inQuotes = false
1109,openrct2/openrct2,faf1f08b7faf7b64b17bee18623092e4e65d54e7,src/interface/console.c,"static int cc_hide(const char **argv, int argc)
{
	console_close();
	return 0;
}
",2016-07-08 22:58:38 +0100,83," CURSOR_RELEASED = CURSOR_UP | CURSOR_CHANGED,                             ^"
1110,openrct2/openrct2,faf1f08b7faf7b64b17bee18623092e4e65d54e7,src/interface/console.c,"static int cc_hide(const char **argv, int argc)
{
	console_close();
	return 0;
}
",2016-07-08 22:58:38 +0100,1145,"    argv = realloc(argv, argvCapacity * sizeof(utf8*))"
1111,openrct2/openrct2,faf1f08b7faf7b64b17bee18623092e4e65d54e7,src/interface/console.c,"static int cc_hide(const char **argv, int argc)
{
	console_close();
	return 0;
}
",2016-07-08 22:58:38 +0100,527,"   FOR_ALL_STAFF(i, peep) {   ^"
1112,openrct2/openrct2,faf1f08b7faf7b64b17bee18623092e4e65d54e7,src/interface/console.c,"static int cc_hide(const char **argv, int argc)
{
	console_close();
	return 0;
}
",2016-07-08 22:58:38 +0100,681, int i
1113,openrct2/openrct2,faf1f08b7faf7b64b17bee18623092e4e65d54e7,src/interface/console.c,"static int cc_hide(const char **argv, int argc)
{
	console_close();
	return 0;
}
",2016-07-08 22:58:38 +0100,904,   int rideType
1114,openrct2/openrct2,faf1f08b7faf7b64b17bee18623092e4e65d54e7,src/interface/console.c,"static int cc_hide(const char **argv, int argc)
{
	console_close();
	return 0;
}
",2016-07-08 22:58:38 +0100,278, PEEP_FLAGS_TWITCH = (1 << 31)  // Added for twitch integration                        ^
1115,openrct2/openrct2,faf1f08b7faf7b64b17bee18623092e4e65d54e7,src/interface/console.c,"static int cc_hide(const char **argv, int argc)
{
	console_close();
	return 0;
}
",2016-07-08 22:58:38 +0100,449," RIDE_ENTRY_FLAG_31 = 1 << 31, // 0x80000000                        ^"
1116,openrct2/openrct2,faf1f08b7faf7b64b17bee18623092e4e65d54e7,src/interface/console.c,"static int cc_hide(const char **argv, int argc)
{
	console_close();
	return 0;
}
",2016-07-08 22:58:38 +0100,789," RIDE_TYPE_FLAG_SUPPORTS_MULTIPLE_TRACK_COLOUR = 1 << 31,                                                   ^"
1117,openrct2/openrct2,faf1f08b7faf7b64b17bee18623092e4e65d54e7,src/interface/console.c,"static int cc_hide(const char **argv, int argc)
{
	console_close();
	return 0;
}
",2016-07-08 22:58:38 +0100,103, GAME_COMMAND_FLAG_NETWORKED = (1 << 31) // Game command is coming from network                                  ^
1118,openrct2/openrct2,faf1f08b7faf7b64b17bee18623092e4e65d54e7,src/interface/console.c,"static int cc_hide(const char **argv, int argc)
{
	console_close();
	return 0;
}
",2016-07-08 22:58:38 +0100,162, TRACK_FLAGS2_SIX_FLAGS_RIDE_DEPRECATED = (1 << 31)  // Not used anymore.                                             ^
1119,openrct2/openrct2,faf1f08b7faf7b64b17bee18623092e4e65d54e7,src/interface/console.c,"static int cc_hide(const char **argv, int argc)
{
	console_close();
	return 0;
}
",2016-07-08 22:58:38 +0100,278, PEEP_FLAGS_TWITCH = (1 << 31)  // Added for twitch integration                        ^
1120,openrct2/openrct2,faf1f08b7faf7b64b17bee18623092e4e65d54e7,src/interface/console.c,"static int cc_hide(const char **argv, int argc)
{
	console_close();
	return 0;
}
",2016-07-08 22:58:38 +0100,449," RIDE_ENTRY_FLAG_31 = 1 << 31, // 0x80000000                        ^"
1121,openrct2/openrct2,faf1f08b7faf7b64b17bee18623092e4e65d54e7,src/interface/console.c,"static int cc_hide(const char **argv, int argc)
{
	console_close();
	return 0;
}
",2016-07-08 22:58:38 +0100,789," RIDE_TYPE_FLAG_SUPPORTS_MULTIPLE_TRACK_COLOUR = 1 << 31,                                                   ^"
1122,openrct2/openrct2,faf1f08b7faf7b64b17bee18623092e4e65d54e7,src/interface/console.c,"static int cc_hide(const char **argv, int argc)
{
	console_close();
	return 0;
}
",2016-07-08 22:58:38 +0100,103, GAME_COMMAND_FLAG_NETWORKED = (1 << 31) // Game command is coming from network                                  ^
1123,openrct2/openrct2,faf1f08b7faf7b64b17bee18623092e4e65d54e7,src/interface/console.c,"static int cc_hide(const char **argv, int argc)
{
	console_close();
	return 0;
}
",2016-07-08 22:58:38 +0100,162, TRACK_FLAGS2_SIX_FLAGS_RIDE_DEPRECATED = (1 << 31)  // Not used anymore.                                             ^
1124,openrct2/openrct2,faf1f08b7faf7b64b17bee18623092e4e65d54e7,src/interface/console.c,"static int cc_hide(const char **argv, int argc)
{
	console_close();
	return 0;
}
",2016-07-08 22:58:38 +0100,481,       ride->subtype = subtype
1125,openrct2/openrct2,faf1f08b7faf7b64b17bee18623092e4e65d54e7,src/interface/console.c,"static int cc_hide(const char **argv, int argc)
{
	console_close();
	return 0;
}
",2016-07-08 22:58:38 +0100,921,   scenerySetEntry = get_scenery_group_entry(groupIndex)
1126,openrct2/openrct2,faf1f08b7faf7b64b17bee18623092e4e65d54e7,src/interface/console.c,"static int cc_hide(const char **argv, int argc)
{
	console_close();
	return 0;
}
",2016-07-08 22:58:38 +0100,1115, bool inQuotes = false
1127,openrct2/openrct2,5b9cb813e7f68a0ce8547c560f00a082cdae40f9,src/interface/console.c,"static int cc_hide(const char **argv, int argc)
{
	console_close();
	return 0;
}
",2016-07-08 22:58:38 +0100,83," CURSOR_RELEASED = CURSOR_UP | CURSOR_CHANGED,                             ^"
1128,openrct2/openrct2,5b9cb813e7f68a0ce8547c560f00a082cdae40f9,src/interface/console.c,"static int cc_hide(const char **argv, int argc)
{
	console_close();
	return 0;
}
",2016-07-08 22:58:38 +0100,1145,"    argv = realloc(argv, argvCapacity * sizeof(utf8*))"
1129,openrct2/openrct2,5b9cb813e7f68a0ce8547c560f00a082cdae40f9,src/interface/console.c,"static int cc_hide(const char **argv, int argc)
{
	console_close();
	return 0;
}
",2016-07-08 22:58:38 +0100,528,"   FOR_ALL_STAFF(i, peep) {   ^"
1130,openrct2/openrct2,5b9cb813e7f68a0ce8547c560f00a082cdae40f9,src/interface/console.c,"static int cc_hide(const char **argv, int argc)
{
	console_close();
	return 0;
}
",2016-07-08 22:58:38 +0100,682, int i
1131,openrct2/openrct2,5b9cb813e7f68a0ce8547c560f00a082cdae40f9,src/interface/console.c,"static int cc_hide(const char **argv, int argc)
{
	console_close();
	return 0;
}
",2016-07-08 22:58:38 +0100,904,   int rideType
1132,openrct2/openrct2,5b9cb813e7f68a0ce8547c560f00a082cdae40f9,src/interface/console.c,"static int cc_hide(const char **argv, int argc)
{
	console_close();
	return 0;
}
",2016-07-08 22:58:38 +0100,278, PEEP_FLAGS_TWITCH = (1 << 31)  // Added for twitch integration                        ^
1133,openrct2/openrct2,5b9cb813e7f68a0ce8547c560f00a082cdae40f9,src/interface/console.c,"static int cc_hide(const char **argv, int argc)
{
	console_close();
	return 0;
}
",2016-07-08 22:58:38 +0100,449," RIDE_ENTRY_FLAG_31 = 1 << 31, // 0x80000000                        ^"
1134,openrct2/openrct2,5b9cb813e7f68a0ce8547c560f00a082cdae40f9,src/interface/console.c,"static int cc_hide(const char **argv, int argc)
{
	console_close();
	return 0;
}
",2016-07-08 22:58:38 +0100,789," RIDE_TYPE_FLAG_SUPPORTS_MULTIPLE_TRACK_COLOUR = 1 << 31,                                                   ^"
1135,openrct2/openrct2,5b9cb813e7f68a0ce8547c560f00a082cdae40f9,src/interface/console.c,"static int cc_hide(const char **argv, int argc)
{
	console_close();
	return 0;
}
",2016-07-08 22:58:38 +0100,103, GAME_COMMAND_FLAG_NETWORKED = (1 << 31) // Game command is coming from network                                  ^
1136,openrct2/openrct2,5b9cb813e7f68a0ce8547c560f00a082cdae40f9,src/interface/console.c,"static int cc_hide(const char **argv, int argc)
{
	console_close();
	return 0;
}
",2016-07-08 22:58:38 +0100,162, TRACK_FLAGS2_SIX_FLAGS_RIDE_DEPRECATED = (1 << 31)  // Not used anymore.                                             ^
1137,openrct2/openrct2,5b9cb813e7f68a0ce8547c560f00a082cdae40f9,src/interface/console.c,"static int cc_hide(const char **argv, int argc)
{
	console_close();
	return 0;
}
",2016-07-08 22:58:38 +0100,278, PEEP_FLAGS_TWITCH = (1 << 31)  // Added for twitch integration                        ^
1138,openrct2/openrct2,5b9cb813e7f68a0ce8547c560f00a082cdae40f9,src/interface/console.c,"static int cc_hide(const char **argv, int argc)
{
	console_close();
	return 0;
}
",2016-07-08 22:58:38 +0100,449," RIDE_ENTRY_FLAG_31 = 1 << 31, // 0x80000000                        ^"
1139,openrct2/openrct2,5b9cb813e7f68a0ce8547c560f00a082cdae40f9,src/interface/console.c,"static int cc_hide(const char **argv, int argc)
{
	console_close();
	return 0;
}
",2016-07-08 22:58:38 +0100,789," RIDE_TYPE_FLAG_SUPPORTS_MULTIPLE_TRACK_COLOUR = 1 << 31,                                                   ^"
1140,openrct2/openrct2,5b9cb813e7f68a0ce8547c560f00a082cdae40f9,src/interface/console.c,"static int cc_hide(const char **argv, int argc)
{
	console_close();
	return 0;
}
",2016-07-08 22:58:38 +0100,103, GAME_COMMAND_FLAG_NETWORKED = (1 << 31) // Game command is coming from network                                  ^
1141,openrct2/openrct2,5b9cb813e7f68a0ce8547c560f00a082cdae40f9,src/interface/console.c,"static int cc_hide(const char **argv, int argc)
{
	console_close();
	return 0;
}
",2016-07-08 22:58:38 +0100,162, TRACK_FLAGS2_SIX_FLAGS_RIDE_DEPRECATED = (1 << 31)  // Not used anymore.                                             ^
1142,openrct2/openrct2,5b9cb813e7f68a0ce8547c560f00a082cdae40f9,src/interface/console.c,"static int cc_hide(const char **argv, int argc)
{
	console_close();
	return 0;
}
",2016-07-08 22:58:38 +0100,482,       ride->subtype = subtype
1143,openrct2/openrct2,5b9cb813e7f68a0ce8547c560f00a082cdae40f9,src/interface/console.c,"static int cc_hide(const char **argv, int argc)
{
	console_close();
	return 0;
}
",2016-07-08 22:58:38 +0100,921,   scenerySetEntry = get_scenery_group_entry(groupIndex)
1144,openrct2/openrct2,5b9cb813e7f68a0ce8547c560f00a082cdae40f9,src/interface/console.c,"static int cc_hide(const char **argv, int argc)
{
	console_close();
	return 0;
}
",2016-07-08 22:58:38 +0100,1115, bool inQuotes = false
1145,openrct2/openrct2,a6d0e6916ed4a807d13db2669f17c84915e5a7b3,src/interface/console.c,"static int cc_hide(const char **argv, int argc)
{
	console_close();
	return 0;
}
",2016-07-14 14:11:49 +0200,83," CURSOR_RELEASED = CURSOR_UP | CURSOR_CHANGED,                             ^"
1146,openrct2/openrct2,a6d0e6916ed4a807d13db2669f17c84915e5a7b3,src/interface/console.c,"static int cc_hide(const char **argv, int argc)
{
	console_close();
	return 0;
}
",2016-07-14 14:11:49 +0200,1145,"    argv = realloc(argv, argvCapacity * sizeof(utf8*))"
1147,openrct2/openrct2,a6d0e6916ed4a807d13db2669f17c84915e5a7b3,src/interface/console.c,"static int cc_hide(const char **argv, int argc)
{
	console_close();
	return 0;
}
",2016-07-14 14:11:49 +0200,528,"   FOR_ALL_STAFF(i, peep) {   ^"
1148,openrct2/openrct2,a6d0e6916ed4a807d13db2669f17c84915e5a7b3,src/interface/console.c,"static int cc_hide(const char **argv, int argc)
{
	console_close();
	return 0;
}
",2016-07-14 14:11:49 +0200,682, int i
1149,openrct2/openrct2,a6d0e6916ed4a807d13db2669f17c84915e5a7b3,src/interface/console.c,"static int cc_hide(const char **argv, int argc)
{
	console_close();
	return 0;
}
",2016-07-14 14:11:49 +0200,904,   int rideType
1150,openrct2/openrct2,a6d0e6916ed4a807d13db2669f17c84915e5a7b3,src/interface/console.c,"static int cc_hide(const char **argv, int argc)
{
	console_close();
	return 0;
}
",2016-07-14 14:11:49 +0200,278, PEEP_FLAGS_TWITCH = (1 << 31)  // Added for twitch integration                        ^
1151,openrct2/openrct2,a6d0e6916ed4a807d13db2669f17c84915e5a7b3,src/interface/console.c,"static int cc_hide(const char **argv, int argc)
{
	console_close();
	return 0;
}
",2016-07-14 14:11:49 +0200,449," RIDE_ENTRY_FLAG_31 = 1 << 31, // 0x80000000                        ^"
1152,openrct2/openrct2,a6d0e6916ed4a807d13db2669f17c84915e5a7b3,src/interface/console.c,"static int cc_hide(const char **argv, int argc)
{
	console_close();
	return 0;
}
",2016-07-14 14:11:49 +0200,789," RIDE_TYPE_FLAG_SUPPORTS_MULTIPLE_TRACK_COLOUR = 1 << 31,                                                   ^"
1153,openrct2/openrct2,a6d0e6916ed4a807d13db2669f17c84915e5a7b3,src/interface/console.c,"static int cc_hide(const char **argv, int argc)
{
	console_close();
	return 0;
}
",2016-07-14 14:11:49 +0200,103, GAME_COMMAND_FLAG_NETWORKED = (1 << 31) // Game command is coming from network                                  ^
1154,openrct2/openrct2,a6d0e6916ed4a807d13db2669f17c84915e5a7b3,src/interface/console.c,"static int cc_hide(const char **argv, int argc)
{
	console_close();
	return 0;
}
",2016-07-14 14:11:49 +0200,162, TRACK_FLAGS2_SIX_FLAGS_RIDE_DEPRECATED = (1 << 31)  // Not used anymore.                                             ^
1155,openrct2/openrct2,a6d0e6916ed4a807d13db2669f17c84915e5a7b3,src/interface/console.c,"static int cc_hide(const char **argv, int argc)
{
	console_close();
	return 0;
}
",2016-07-14 14:11:49 +0200,278, PEEP_FLAGS_TWITCH = (1 << 31)  // Added for twitch integration                        ^
1156,openrct2/openrct2,a6d0e6916ed4a807d13db2669f17c84915e5a7b3,src/interface/console.c,"static int cc_hide(const char **argv, int argc)
{
	console_close();
	return 0;
}
",2016-07-14 14:11:49 +0200,449," RIDE_ENTRY_FLAG_31 = 1 << 31, // 0x80000000                        ^"
1157,openrct2/openrct2,a6d0e6916ed4a807d13db2669f17c84915e5a7b3,src/interface/console.c,"static int cc_hide(const char **argv, int argc)
{
	console_close();
	return 0;
}
",2016-07-14 14:11:49 +0200,789," RIDE_TYPE_FLAG_SUPPORTS_MULTIPLE_TRACK_COLOUR = 1 << 31,                                                   ^"
1158,openrct2/openrct2,a6d0e6916ed4a807d13db2669f17c84915e5a7b3,src/interface/console.c,"static int cc_hide(const char **argv, int argc)
{
	console_close();
	return 0;
}
",2016-07-14 14:11:49 +0200,103, GAME_COMMAND_FLAG_NETWORKED = (1 << 31) // Game command is coming from network                                  ^
1159,openrct2/openrct2,a6d0e6916ed4a807d13db2669f17c84915e5a7b3,src/interface/console.c,"static int cc_hide(const char **argv, int argc)
{
	console_close();
	return 0;
}
",2016-07-14 14:11:49 +0200,162, TRACK_FLAGS2_SIX_FLAGS_RIDE_DEPRECATED = (1 << 31)  // Not used anymore.                                             ^
1160,openrct2/openrct2,a6d0e6916ed4a807d13db2669f17c84915e5a7b3,src/interface/console.c,"static int cc_hide(const char **argv, int argc)
{
	console_close();
	return 0;
}
",2016-07-14 14:11:49 +0200,482,       ride->subtype = subtype
1161,openrct2/openrct2,a6d0e6916ed4a807d13db2669f17c84915e5a7b3,src/interface/console.c,"static int cc_hide(const char **argv, int argc)
{
	console_close();
	return 0;
}
",2016-07-14 14:11:49 +0200,921,   scenerySetEntry = get_scenery_group_entry(groupIndex)
1162,openrct2/openrct2,a6d0e6916ed4a807d13db2669f17c84915e5a7b3,src/interface/console.c,"static int cc_hide(const char **argv, int argc)
{
	console_close();
	return 0;
}
",2016-07-14 14:11:49 +0200,1115, bool inQuotes = false
1163,openrct2/openrct2,44202d0bd155386ab85ed6d809fa91769e0725e0,src/interface/console.c,"static int cc_hide(const char **argv, int argc)
{
	console_close();
	return 0;
}
",2016-07-15 07:07:34 -0400,83," CURSOR_RELEASED = CURSOR_UP | CURSOR_CHANGED,                             ^"
1164,openrct2/openrct2,44202d0bd155386ab85ed6d809fa91769e0725e0,src/interface/console.c,"static int cc_hide(const char **argv, int argc)
{
	console_close();
	return 0;
}
",2016-07-15 07:07:34 -0400,1153,"    argv = realloc(argv, argvCapacity * sizeof(utf8*))"
1165,openrct2/openrct2,44202d0bd155386ab85ed6d809fa91769e0725e0,src/interface/console.c,"static int cc_hide(const char **argv, int argc)
{
	console_close();
	return 0;
}
",2016-07-15 07:07:34 -0400,528,"   FOR_ALL_STAFF(i, peep) {   ^"
1166,openrct2/openrct2,44202d0bd155386ab85ed6d809fa91769e0725e0,src/interface/console.c,"static int cc_hide(const char **argv, int argc)
{
	console_close();
	return 0;
}
",2016-07-15 07:07:34 -0400,685, int i
1167,openrct2/openrct2,44202d0bd155386ab85ed6d809fa91769e0725e0,src/interface/console.c,"static int cc_hide(const char **argv, int argc)
{
	console_close();
	return 0;
}
",2016-07-15 07:07:34 -0400,911,   int rideType
1168,openrct2/openrct2,44202d0bd155386ab85ed6d809fa91769e0725e0,src/interface/console.c,"static int cc_hide(const char **argv, int argc)
{
	console_close();
	return 0;
}
",2016-07-15 07:07:34 -0400,278, PEEP_FLAGS_TWITCH = (1 << 31)  // Added for twitch integration                        ^
1169,openrct2/openrct2,44202d0bd155386ab85ed6d809fa91769e0725e0,src/interface/console.c,"static int cc_hide(const char **argv, int argc)
{
	console_close();
	return 0;
}
",2016-07-15 07:07:34 -0400,449," RIDE_ENTRY_FLAG_31 = 1 << 31, // 0x80000000                        ^"
1170,openrct2/openrct2,44202d0bd155386ab85ed6d809fa91769e0725e0,src/interface/console.c,"static int cc_hide(const char **argv, int argc)
{
	console_close();
	return 0;
}
",2016-07-15 07:07:34 -0400,789," RIDE_TYPE_FLAG_SUPPORTS_MULTIPLE_TRACK_COLOUR = 1 << 31,                                                   ^"
1171,openrct2/openrct2,44202d0bd155386ab85ed6d809fa91769e0725e0,src/interface/console.c,"static int cc_hide(const char **argv, int argc)
{
	console_close();
	return 0;
}
",2016-07-15 07:07:34 -0400,103, GAME_COMMAND_FLAG_NETWORKED = (1 << 31) // Game command is coming from network                                  ^
1172,openrct2/openrct2,44202d0bd155386ab85ed6d809fa91769e0725e0,src/interface/console.c,"static int cc_hide(const char **argv, int argc)
{
	console_close();
	return 0;
}
",2016-07-15 07:07:34 -0400,162, TRACK_FLAGS2_SIX_FLAGS_RIDE_DEPRECATED = (1 << 31)  // Not used anymore.                                             ^
1173,openrct2/openrct2,44202d0bd155386ab85ed6d809fa91769e0725e0,src/interface/console.c,"static int cc_hide(const char **argv, int argc)
{
	console_close();
	return 0;
}
",2016-07-15 07:07:34 -0400,278, PEEP_FLAGS_TWITCH = (1 << 31)  // Added for twitch integration                        ^
1174,openrct2/openrct2,44202d0bd155386ab85ed6d809fa91769e0725e0,src/interface/console.c,"static int cc_hide(const char **argv, int argc)
{
	console_close();
	return 0;
}
",2016-07-15 07:07:34 -0400,449," RIDE_ENTRY_FLAG_31 = 1 << 31, // 0x80000000                        ^"
1175,openrct2/openrct2,44202d0bd155386ab85ed6d809fa91769e0725e0,src/interface/console.c,"static int cc_hide(const char **argv, int argc)
{
	console_close();
	return 0;
}
",2016-07-15 07:07:34 -0400,789," RIDE_TYPE_FLAG_SUPPORTS_MULTIPLE_TRACK_COLOUR = 1 << 31,                                                   ^"
1176,openrct2/openrct2,44202d0bd155386ab85ed6d809fa91769e0725e0,src/interface/console.c,"static int cc_hide(const char **argv, int argc)
{
	console_close();
	return 0;
}
",2016-07-15 07:07:34 -0400,103, GAME_COMMAND_FLAG_NETWORKED = (1 << 31) // Game command is coming from network                                  ^
1177,openrct2/openrct2,44202d0bd155386ab85ed6d809fa91769e0725e0,src/interface/console.c,"static int cc_hide(const char **argv, int argc)
{
	console_close();
	return 0;
}
",2016-07-15 07:07:34 -0400,162, TRACK_FLAGS2_SIX_FLAGS_RIDE_DEPRECATED = (1 << 31)  // Not used anymore.                                             ^
1178,openrct2/openrct2,44202d0bd155386ab85ed6d809fa91769e0725e0,src/interface/console.c,"static int cc_hide(const char **argv, int argc)
{
	console_close();
	return 0;
}
",2016-07-15 07:07:34 -0400,482,       ride->subtype = subtype
1179,openrct2/openrct2,44202d0bd155386ab85ed6d809fa91769e0725e0,src/interface/console.c,"static int cc_hide(const char **argv, int argc)
{
	console_close();
	return 0;
}
",2016-07-15 07:07:34 -0400,928,   scenerySetEntry = get_scenery_group_entry(groupIndex)
1180,openrct2/openrct2,44202d0bd155386ab85ed6d809fa91769e0725e0,src/interface/console.c,"static int cc_hide(const char **argv, int argc)
{
	console_close();
	return 0;
}
",2016-07-15 07:07:34 -0400,1123, bool inQuotes = false
1181,openrct2/openrct2,57e790eba479376fba9b7ee9643f0939553dd07f,src/interface/console.c,"static int cc_hide(const char **argv, int argc)
{
	console_close();
	return 0;
}
",2016-07-16 15:13:16 +0100,83," CURSOR_RELEASED = CURSOR_UP | CURSOR_CHANGED,                             ^"
1182,openrct2/openrct2,57e790eba479376fba9b7ee9643f0939553dd07f,src/interface/console.c,"static int cc_hide(const char **argv, int argc)
{
	console_close();
	return 0;
}
",2016-07-16 15:13:16 +0100,1153,"    argv = realloc(argv, argvCapacity * sizeof(utf8*))"
1183,openrct2/openrct2,57e790eba479376fba9b7ee9643f0939553dd07f,src/interface/console.c,"static int cc_hide(const char **argv, int argc)
{
	console_close();
	return 0;
}
",2016-07-16 15:13:16 +0100,528,"   FOR_ALL_STAFF(i, peep) {   ^"
1184,openrct2/openrct2,57e790eba479376fba9b7ee9643f0939553dd07f,src/interface/console.c,"static int cc_hide(const char **argv, int argc)
{
	console_close();
	return 0;
}
",2016-07-16 15:13:16 +0100,685, int i
1185,openrct2/openrct2,57e790eba479376fba9b7ee9643f0939553dd07f,src/interface/console.c,"static int cc_hide(const char **argv, int argc)
{
	console_close();
	return 0;
}
",2016-07-16 15:13:16 +0100,911,   int rideType
1186,openrct2/openrct2,57e790eba479376fba9b7ee9643f0939553dd07f,src/interface/console.c,"static int cc_hide(const char **argv, int argc)
{
	console_close();
	return 0;
}
",2016-07-16 15:13:16 +0100,278, PEEP_FLAGS_TWITCH = (1 << 31)  // Added for twitch integration                        ^
1187,openrct2/openrct2,57e790eba479376fba9b7ee9643f0939553dd07f,src/interface/console.c,"static int cc_hide(const char **argv, int argc)
{
	console_close();
	return 0;
}
",2016-07-16 15:13:16 +0100,449," RIDE_ENTRY_FLAG_31 = 1 << 31, // 0x80000000                        ^"
1188,openrct2/openrct2,57e790eba479376fba9b7ee9643f0939553dd07f,src/interface/console.c,"static int cc_hide(const char **argv, int argc)
{
	console_close();
	return 0;
}
",2016-07-16 15:13:16 +0100,789," RIDE_TYPE_FLAG_SUPPORTS_MULTIPLE_TRACK_COLOUR = 1 << 31,                                                   ^"
1189,openrct2/openrct2,57e790eba479376fba9b7ee9643f0939553dd07f,src/interface/console.c,"static int cc_hide(const char **argv, int argc)
{
	console_close();
	return 0;
}
",2016-07-16 15:13:16 +0100,103, GAME_COMMAND_FLAG_NETWORKED = (1 << 31) // Game command is coming from network                                  ^
1190,openrct2/openrct2,57e790eba479376fba9b7ee9643f0939553dd07f,src/interface/console.c,"static int cc_hide(const char **argv, int argc)
{
	console_close();
	return 0;
}
",2016-07-16 15:13:16 +0100,162, TRACK_FLAGS2_SIX_FLAGS_RIDE_DEPRECATED = (1 << 31)  // Not used anymore.                                             ^
1191,openrct2/openrct2,57e790eba479376fba9b7ee9643f0939553dd07f,src/interface/console.c,"static int cc_hide(const char **argv, int argc)
{
	console_close();
	return 0;
}
",2016-07-16 15:13:16 +0100,278, PEEP_FLAGS_TWITCH = (1 << 31)  // Added for twitch integration                        ^
1192,openrct2/openrct2,57e790eba479376fba9b7ee9643f0939553dd07f,src/interface/console.c,"static int cc_hide(const char **argv, int argc)
{
	console_close();
	return 0;
}
",2016-07-16 15:13:16 +0100,449," RIDE_ENTRY_FLAG_31 = 1 << 31, // 0x80000000                        ^"
1193,openrct2/openrct2,57e790eba479376fba9b7ee9643f0939553dd07f,src/interface/console.c,"static int cc_hide(const char **argv, int argc)
{
	console_close();
	return 0;
}
",2016-07-16 15:13:16 +0100,789," RIDE_TYPE_FLAG_SUPPORTS_MULTIPLE_TRACK_COLOUR = 1 << 31,                                                   ^"
1194,openrct2/openrct2,57e790eba479376fba9b7ee9643f0939553dd07f,src/interface/console.c,"static int cc_hide(const char **argv, int argc)
{
	console_close();
	return 0;
}
",2016-07-16 15:13:16 +0100,103, GAME_COMMAND_FLAG_NETWORKED = (1 << 31) // Game command is coming from network                                  ^
1195,openrct2/openrct2,57e790eba479376fba9b7ee9643f0939553dd07f,src/interface/console.c,"static int cc_hide(const char **argv, int argc)
{
	console_close();
	return 0;
}
",2016-07-16 15:13:16 +0100,162, TRACK_FLAGS2_SIX_FLAGS_RIDE_DEPRECATED = (1 << 31)  // Not used anymore.                                             ^
1196,openrct2/openrct2,57e790eba479376fba9b7ee9643f0939553dd07f,src/interface/console.c,"static int cc_hide(const char **argv, int argc)
{
	console_close();
	return 0;
}
",2016-07-16 15:13:16 +0100,482,       ride->subtype = subtype
1197,openrct2/openrct2,57e790eba479376fba9b7ee9643f0939553dd07f,src/interface/console.c,"static int cc_hide(const char **argv, int argc)
{
	console_close();
	return 0;
}
",2016-07-16 15:13:16 +0100,928,   scenerySetEntry = get_scenery_group_entry(groupIndex)
1198,openrct2/openrct2,57e790eba479376fba9b7ee9643f0939553dd07f,src/interface/console.c,"static int cc_hide(const char **argv, int argc)
{
	console_close();
	return 0;
}
",2016-07-16 15:13:16 +0100,1123, bool inQuotes = false
1199,openrct2/openrct2,750b8d9949634aadf70ed1831bf83e2377478d75,src/interface/console.c,"static int cc_hide(const char **argv, int argc)
{
	console_close();
	return 0;
}
",2016-07-25 14:25:35 +0200,83," CURSOR_RELEASED = CURSOR_UP | CURSOR_CHANGED,                             ^"
1200,openrct2/openrct2,750b8d9949634aadf70ed1831bf83e2377478d75,src/interface/console.c,"static int cc_hide(const char **argv, int argc)
{
	console_close();
	return 0;
}
",2016-07-25 14:25:35 +0200,1162,"    argv = realloc(argv, argvCapacity * sizeof(utf8*))"
1201,openrct2/openrct2,750b8d9949634aadf70ed1831bf83e2377478d75,src/interface/console.c,"static int cc_hide(const char **argv, int argc)
{
	console_close();
	return 0;
}
",2016-07-25 14:25:35 +0200,528,"   FOR_ALL_STAFF(i, peep) {   ^"
1202,openrct2/openrct2,750b8d9949634aadf70ed1831bf83e2377478d75,src/interface/console.c,"static int cc_hide(const char **argv, int argc)
{
	console_close();
	return 0;
}
",2016-07-25 14:25:35 +0200,688, int i
1203,openrct2/openrct2,750b8d9949634aadf70ed1831bf83e2377478d75,src/interface/console.c,"static int cc_hide(const char **argv, int argc)
{
	console_close();
	return 0;
}
",2016-07-25 14:25:35 +0200,919,   int rideType
1204,openrct2/openrct2,750b8d9949634aadf70ed1831bf83e2377478d75,src/interface/console.c,"static int cc_hide(const char **argv, int argc)
{
	console_close();
	return 0;
}
",2016-07-25 14:25:35 +0200,278, PEEP_FLAGS_TWITCH = (1 << 31)  // Added for twitch integration                        ^
1205,openrct2/openrct2,750b8d9949634aadf70ed1831bf83e2377478d75,src/interface/console.c,"static int cc_hide(const char **argv, int argc)
{
	console_close();
	return 0;
}
",2016-07-25 14:25:35 +0200,449," RIDE_ENTRY_FLAG_31 = 1 << 31, // 0x80000000                        ^"
1206,openrct2/openrct2,750b8d9949634aadf70ed1831bf83e2377478d75,src/interface/console.c,"static int cc_hide(const char **argv, int argc)
{
	console_close();
	return 0;
}
",2016-07-25 14:25:35 +0200,789," RIDE_TYPE_FLAG_SUPPORTS_MULTIPLE_TRACK_COLOUR = 1 << 31,                                                   ^"
1207,openrct2/openrct2,750b8d9949634aadf70ed1831bf83e2377478d75,src/interface/console.c,"static int cc_hide(const char **argv, int argc)
{
	console_close();
	return 0;
}
",2016-07-25 14:25:35 +0200,103, GAME_COMMAND_FLAG_NETWORKED = (1 << 31) // Game command is coming from network                                  ^
1208,openrct2/openrct2,750b8d9949634aadf70ed1831bf83e2377478d75,src/interface/console.c,"static int cc_hide(const char **argv, int argc)
{
	console_close();
	return 0;
}
",2016-07-25 14:25:35 +0200,162, TRACK_FLAGS2_SIX_FLAGS_RIDE_DEPRECATED = (1 << 31)  // Not used anymore.                                             ^
1209,openrct2/openrct2,750b8d9949634aadf70ed1831bf83e2377478d75,src/interface/console.c,"static int cc_hide(const char **argv, int argc)
{
	console_close();
	return 0;
}
",2016-07-25 14:25:35 +0200,278, PEEP_FLAGS_TWITCH = (1 << 31)  // Added for twitch integration                        ^
1210,openrct2/openrct2,750b8d9949634aadf70ed1831bf83e2377478d75,src/interface/console.c,"static int cc_hide(const char **argv, int argc)
{
	console_close();
	return 0;
}
",2016-07-25 14:25:35 +0200,449," RIDE_ENTRY_FLAG_31 = 1 << 31, // 0x80000000                        ^"
1211,openrct2/openrct2,750b8d9949634aadf70ed1831bf83e2377478d75,src/interface/console.c,"static int cc_hide(const char **argv, int argc)
{
	console_close();
	return 0;
}
",2016-07-25 14:25:35 +0200,789," RIDE_TYPE_FLAG_SUPPORTS_MULTIPLE_TRACK_COLOUR = 1 << 31,                                                   ^"
1212,openrct2/openrct2,750b8d9949634aadf70ed1831bf83e2377478d75,src/interface/console.c,"static int cc_hide(const char **argv, int argc)
{
	console_close();
	return 0;
}
",2016-07-25 14:25:35 +0200,103, GAME_COMMAND_FLAG_NETWORKED = (1 << 31) // Game command is coming from network                                  ^
1213,openrct2/openrct2,750b8d9949634aadf70ed1831bf83e2377478d75,src/interface/console.c,"static int cc_hide(const char **argv, int argc)
{
	console_close();
	return 0;
}
",2016-07-25 14:25:35 +0200,162, TRACK_FLAGS2_SIX_FLAGS_RIDE_DEPRECATED = (1 << 31)  // Not used anymore.                                             ^
1214,openrct2/openrct2,750b8d9949634aadf70ed1831bf83e2377478d75,src/interface/console.c,"static int cc_hide(const char **argv, int argc)
{
	console_close();
	return 0;
}
",2016-07-25 14:25:35 +0200,482,       ride->subtype = subtype
1215,openrct2/openrct2,750b8d9949634aadf70ed1831bf83e2377478d75,src/interface/console.c,"static int cc_hide(const char **argv, int argc)
{
	console_close();
	return 0;
}
",2016-07-25 14:25:35 +0200,936,   scenerySetEntry = get_scenery_group_entry(groupIndex)
1216,openrct2/openrct2,750b8d9949634aadf70ed1831bf83e2377478d75,src/interface/console.c,"static int cc_hide(const char **argv, int argc)
{
	console_close();
	return 0;
}
",2016-07-25 14:25:35 +0200,1132, bool inQuotes = false
1217,openrct2/openrct2,e70f7d9a38234d0126489be8bc25370e92f9a56f,src/interface/console.c,"static int cc_hide(const char **argv, int argc)
{
	console_close();
	return 0;
}
",2016-07-25 19:52:32 +0200,83," CURSOR_RELEASED = CURSOR_UP | CURSOR_CHANGED,                             ^"
1218,openrct2/openrct2,e70f7d9a38234d0126489be8bc25370e92f9a56f,src/interface/console.c,"static int cc_hide(const char **argv, int argc)
{
	console_close();
	return 0;
}
",2016-07-25 19:52:32 +0200,1162,"    argv = realloc(argv, argvCapacity * sizeof(utf8*))"
1219,openrct2/openrct2,e70f7d9a38234d0126489be8bc25370e92f9a56f,src/interface/console.c,"static int cc_hide(const char **argv, int argc)
{
	console_close();
	return 0;
}
",2016-07-25 19:52:32 +0200,528,"   FOR_ALL_STAFF(i, peep) {   ^"
1220,openrct2/openrct2,e70f7d9a38234d0126489be8bc25370e92f9a56f,src/interface/console.c,"static int cc_hide(const char **argv, int argc)
{
	console_close();
	return 0;
}
",2016-07-25 19:52:32 +0200,688, int i
1221,openrct2/openrct2,e70f7d9a38234d0126489be8bc25370e92f9a56f,src/interface/console.c,"static int cc_hide(const char **argv, int argc)
{
	console_close();
	return 0;
}
",2016-07-25 19:52:32 +0200,919,   int rideType
1222,openrct2/openrct2,e70f7d9a38234d0126489be8bc25370e92f9a56f,src/interface/console.c,"static int cc_hide(const char **argv, int argc)
{
	console_close();
	return 0;
}
",2016-07-25 19:52:32 +0200,278, PEEP_FLAGS_TWITCH = (1 << 31)  // Added for twitch integration                        ^
1223,openrct2/openrct2,e70f7d9a38234d0126489be8bc25370e92f9a56f,src/interface/console.c,"static int cc_hide(const char **argv, int argc)
{
	console_close();
	return 0;
}
",2016-07-25 19:52:32 +0200,449," RIDE_ENTRY_FLAG_31 = 1 << 31, // 0x80000000                        ^"
1224,openrct2/openrct2,e70f7d9a38234d0126489be8bc25370e92f9a56f,src/interface/console.c,"static int cc_hide(const char **argv, int argc)
{
	console_close();
	return 0;
}
",2016-07-25 19:52:32 +0200,789," RIDE_TYPE_FLAG_SUPPORTS_MULTIPLE_TRACK_COLOUR = 1 << 31,                                                   ^"
1225,openrct2/openrct2,e70f7d9a38234d0126489be8bc25370e92f9a56f,src/interface/console.c,"static int cc_hide(const char **argv, int argc)
{
	console_close();
	return 0;
}
",2016-07-25 19:52:32 +0200,103, GAME_COMMAND_FLAG_NETWORKED = (1 << 31) // Game command is coming from network                                  ^
1226,openrct2/openrct2,e70f7d9a38234d0126489be8bc25370e92f9a56f,src/interface/console.c,"static int cc_hide(const char **argv, int argc)
{
	console_close();
	return 0;
}
",2016-07-25 19:52:32 +0200,162, TRACK_FLAGS2_SIX_FLAGS_RIDE_DEPRECATED = (1 << 31)  // Not used anymore.                                             ^
1227,openrct2/openrct2,e70f7d9a38234d0126489be8bc25370e92f9a56f,src/interface/console.c,"static int cc_hide(const char **argv, int argc)
{
	console_close();
	return 0;
}
",2016-07-25 19:52:32 +0200,278, PEEP_FLAGS_TWITCH = (1 << 31)  // Added for twitch integration                        ^
1228,openrct2/openrct2,e70f7d9a38234d0126489be8bc25370e92f9a56f,src/interface/console.c,"static int cc_hide(const char **argv, int argc)
{
	console_close();
	return 0;
}
",2016-07-25 19:52:32 +0200,449," RIDE_ENTRY_FLAG_31 = 1 << 31, // 0x80000000                        ^"
1229,openrct2/openrct2,e70f7d9a38234d0126489be8bc25370e92f9a56f,src/interface/console.c,"static int cc_hide(const char **argv, int argc)
{
	console_close();
	return 0;
}
",2016-07-25 19:52:32 +0200,789," RIDE_TYPE_FLAG_SUPPORTS_MULTIPLE_TRACK_COLOUR = 1 << 31,                                                   ^"
1230,openrct2/openrct2,e70f7d9a38234d0126489be8bc25370e92f9a56f,src/interface/console.c,"static int cc_hide(const char **argv, int argc)
{
	console_close();
	return 0;
}
",2016-07-25 19:52:32 +0200,103, GAME_COMMAND_FLAG_NETWORKED = (1 << 31) // Game command is coming from network                                  ^
1231,openrct2/openrct2,e70f7d9a38234d0126489be8bc25370e92f9a56f,src/interface/console.c,"static int cc_hide(const char **argv, int argc)
{
	console_close();
	return 0;
}
",2016-07-25 19:52:32 +0200,162, TRACK_FLAGS2_SIX_FLAGS_RIDE_DEPRECATED = (1 << 31)  // Not used anymore.                                             ^
1232,openrct2/openrct2,e70f7d9a38234d0126489be8bc25370e92f9a56f,src/interface/console.c,"static int cc_hide(const char **argv, int argc)
{
	console_close();
	return 0;
}
",2016-07-25 19:52:32 +0200,482,       ride->subtype = subtype
1233,openrct2/openrct2,e70f7d9a38234d0126489be8bc25370e92f9a56f,src/interface/console.c,"static int cc_hide(const char **argv, int argc)
{
	console_close();
	return 0;
}
",2016-07-25 19:52:32 +0200,936,   scenerySetEntry = get_scenery_group_entry(groupIndex)
1234,openrct2/openrct2,e70f7d9a38234d0126489be8bc25370e92f9a56f,src/interface/console.c,"static int cc_hide(const char **argv, int argc)
{
	console_close();
	return 0;
}
",2016-07-25 19:52:32 +0200,1132, bool inQuotes = false
1235,openrct2/openrct2,dd756cb8be5886e0a263329dcd81f629cfc794ef,src/interface/console.c,"static int cc_hide(const char **argv, int argc)
{
	console_close();
	return 0;
}
",2016-07-26 10:55:47 +0200,83," CURSOR_RELEASED = CURSOR_UP | CURSOR_CHANGED,                             ^"
1236,openrct2/openrct2,dd756cb8be5886e0a263329dcd81f629cfc794ef,src/interface/console.c,"static int cc_hide(const char **argv, int argc)
{
	console_close();
	return 0;
}
",2016-07-26 10:55:47 +0200,1143,"    argv = realloc(argv, argvCapacity * sizeof(utf8*))"
1237,openrct2/openrct2,dd756cb8be5886e0a263329dcd81f629cfc794ef,src/interface/console.c,"static int cc_hide(const char **argv, int argc)
{
	console_close();
	return 0;
}
",2016-07-26 10:55:47 +0200,527,"   FOR_ALL_STAFF(i, peep) {   ^"
1238,openrct2/openrct2,dd756cb8be5886e0a263329dcd81f629cfc794ef,src/interface/console.c,"static int cc_hide(const char **argv, int argc)
{
	console_close();
	return 0;
}
",2016-07-26 10:55:47 +0200,681, int i
1239,openrct2/openrct2,dd756cb8be5886e0a263329dcd81f629cfc794ef,src/interface/console.c,"static int cc_hide(const char **argv, int argc)
{
	console_close();
	return 0;
}
",2016-07-26 10:55:47 +0200,902,   int rideType
1240,openrct2/openrct2,dd756cb8be5886e0a263329dcd81f629cfc794ef,src/interface/console.c,"static int cc_hide(const char **argv, int argc)
{
	console_close();
	return 0;
}
",2016-07-26 10:55:47 +0200,278, PEEP_FLAGS_TWITCH = (1 << 31)  // Added for twitch integration                        ^
1241,openrct2/openrct2,dd756cb8be5886e0a263329dcd81f629cfc794ef,src/interface/console.c,"static int cc_hide(const char **argv, int argc)
{
	console_close();
	return 0;
}
",2016-07-26 10:55:47 +0200,449," RIDE_ENTRY_FLAG_31 = 1 << 31, // 0x80000000                        ^"
1242,openrct2/openrct2,dd756cb8be5886e0a263329dcd81f629cfc794ef,src/interface/console.c,"static int cc_hide(const char **argv, int argc)
{
	console_close();
	return 0;
}
",2016-07-26 10:55:47 +0200,789," RIDE_TYPE_FLAG_SUPPORTS_MULTIPLE_TRACK_COLOUR = 1 << 31,                                                   ^"
1243,openrct2/openrct2,dd756cb8be5886e0a263329dcd81f629cfc794ef,src/interface/console.c,"static int cc_hide(const char **argv, int argc)
{
	console_close();
	return 0;
}
",2016-07-26 10:55:47 +0200,103, GAME_COMMAND_FLAG_NETWORKED = (1 << 31) // Game command is coming from network                                  ^
1244,openrct2/openrct2,dd756cb8be5886e0a263329dcd81f629cfc794ef,src/interface/console.c,"static int cc_hide(const char **argv, int argc)
{
	console_close();
	return 0;
}
",2016-07-26 10:55:47 +0200,162, TRACK_FLAGS2_SIX_FLAGS_RIDE_DEPRECATED = (1 << 31)  // Not used anymore.                                             ^
1245,openrct2/openrct2,dd756cb8be5886e0a263329dcd81f629cfc794ef,src/interface/console.c,"static int cc_hide(const char **argv, int argc)
{
	console_close();
	return 0;
}
",2016-07-26 10:55:47 +0200,278, PEEP_FLAGS_TWITCH = (1 << 31)  // Added for twitch integration                        ^
1246,openrct2/openrct2,dd756cb8be5886e0a263329dcd81f629cfc794ef,src/interface/console.c,"static int cc_hide(const char **argv, int argc)
{
	console_close();
	return 0;
}
",2016-07-26 10:55:47 +0200,449," RIDE_ENTRY_FLAG_31 = 1 << 31, // 0x80000000                        ^"
1247,openrct2/openrct2,dd756cb8be5886e0a263329dcd81f629cfc794ef,src/interface/console.c,"static int cc_hide(const char **argv, int argc)
{
	console_close();
	return 0;
}
",2016-07-26 10:55:47 +0200,789," RIDE_TYPE_FLAG_SUPPORTS_MULTIPLE_TRACK_COLOUR = 1 << 31,                                                   ^"
1248,openrct2/openrct2,dd756cb8be5886e0a263329dcd81f629cfc794ef,src/interface/console.c,"static int cc_hide(const char **argv, int argc)
{
	console_close();
	return 0;
}
",2016-07-26 10:55:47 +0200,103, GAME_COMMAND_FLAG_NETWORKED = (1 << 31) // Game command is coming from network                                  ^
1249,openrct2/openrct2,dd756cb8be5886e0a263329dcd81f629cfc794ef,src/interface/console.c,"static int cc_hide(const char **argv, int argc)
{
	console_close();
	return 0;
}
",2016-07-26 10:55:47 +0200,162, TRACK_FLAGS2_SIX_FLAGS_RIDE_DEPRECATED = (1 << 31)  // Not used anymore.                                             ^
1250,openrct2/openrct2,dd756cb8be5886e0a263329dcd81f629cfc794ef,src/interface/console.c,"static int cc_hide(const char **argv, int argc)
{
	console_close();
	return 0;
}
",2016-07-26 10:55:47 +0200,481,       ride->subtype = subtype
1251,openrct2/openrct2,dd756cb8be5886e0a263329dcd81f629cfc794ef,src/interface/console.c,"static int cc_hide(const char **argv, int argc)
{
	console_close();
	return 0;
}
",2016-07-26 10:55:47 +0200,919,   scenerySetEntry = get_scenery_group_entry(groupIndex)
1252,openrct2/openrct2,dd756cb8be5886e0a263329dcd81f629cfc794ef,src/interface/console.c,"static int cc_hide(const char **argv, int argc)
{
	console_close();
	return 0;
}
",2016-07-26 10:55:47 +0200,1113, bool inQuotes = false
1253,openrct2/openrct2,e25c768a3e1ab6c79f2f931cf7ffa1f75d7ce89c,src/interface/console.c,"static int cc_hide(const char **argv, int argc)
{
	console_close();
	return 0;
}
",2016-08-01 20:30:08 +0200,83," CURSOR_RELEASED = CURSOR_UP | CURSOR_CHANGED,                             ^"
1254,openrct2/openrct2,e25c768a3e1ab6c79f2f931cf7ffa1f75d7ce89c,src/interface/console.c,"static int cc_hide(const char **argv, int argc)
{
	console_close();
	return 0;
}
",2016-08-01 20:30:08 +0200,1137,"    argv = realloc(argv, argvCapacity * sizeof(utf8*))"
1255,openrct2/openrct2,e25c768a3e1ab6c79f2f931cf7ffa1f75d7ce89c,src/interface/console.c,"static int cc_hide(const char **argv, int argc)
{
	console_close();
	return 0;
}
",2016-08-01 20:30:08 +0200,521,"   FOR_ALL_STAFF(i, peep) {   ^"
1256,openrct2/openrct2,e25c768a3e1ab6c79f2f931cf7ffa1f75d7ce89c,src/interface/console.c,"static int cc_hide(const char **argv, int argc)
{
	console_close();
	return 0;
}
",2016-08-01 20:30:08 +0200,462,    int subtype
1257,openrct2/openrct2,e25c768a3e1ab6c79f2f931cf7ffa1f75d7ce89c,src/interface/console.c,"static int cc_hide(const char **argv, int argc)
{
	console_close();
	return 0;
}
",2016-08-01 20:30:08 +0200,675, int i
1258,openrct2/openrct2,e25c768a3e1ab6c79f2f931cf7ffa1f75d7ce89c,src/interface/console.c,"static int cc_hide(const char **argv, int argc)
{
	console_close();
	return 0;
}
",2016-08-01 20:30:08 +0200,896,   int rideType
1259,openrct2/openrct2,e25c768a3e1ab6c79f2f931cf7ffa1f75d7ce89c,src/interface/console.c,"static int cc_hide(const char **argv, int argc)
{
	console_close();
	return 0;
}
",2016-08-01 20:30:08 +0200,278, PEEP_FLAGS_TWITCH = (1 << 31)  // Added for twitch integration                        ^
1260,openrct2/openrct2,e25c768a3e1ab6c79f2f931cf7ffa1f75d7ce89c,src/interface/console.c,"static int cc_hide(const char **argv, int argc)
{
	console_close();
	return 0;
}
",2016-08-01 20:30:08 +0200,449," RIDE_ENTRY_FLAG_31 = 1 << 31, // 0x80000000                        ^"
1261,openrct2/openrct2,e25c768a3e1ab6c79f2f931cf7ffa1f75d7ce89c,src/interface/console.c,"static int cc_hide(const char **argv, int argc)
{
	console_close();
	return 0;
}
",2016-08-01 20:30:08 +0200,789," RIDE_TYPE_FLAG_SUPPORTS_MULTIPLE_TRACK_COLOUR = 1 << 31,                                                   ^"
1262,openrct2/openrct2,e25c768a3e1ab6c79f2f931cf7ffa1f75d7ce89c,src/interface/console.c,"static int cc_hide(const char **argv, int argc)
{
	console_close();
	return 0;
}
",2016-08-01 20:30:08 +0200,103, GAME_COMMAND_FLAG_NETWORKED = (1 << 31) // Game command is coming from network                                  ^
1263,openrct2/openrct2,e25c768a3e1ab6c79f2f931cf7ffa1f75d7ce89c,src/interface/console.c,"static int cc_hide(const char **argv, int argc)
{
	console_close();
	return 0;
}
",2016-08-01 20:30:08 +0200,162, TRACK_FLAGS2_SIX_FLAGS_RIDE_DEPRECATED = (1 << 31)  // Not used anymore.                                             ^
1264,openrct2/openrct2,e25c768a3e1ab6c79f2f931cf7ffa1f75d7ce89c,src/interface/console.c,"static int cc_hide(const char **argv, int argc)
{
	console_close();
	return 0;
}
",2016-08-01 20:30:08 +0200,278, PEEP_FLAGS_TWITCH = (1 << 31)  // Added for twitch integration                        ^
1265,openrct2/openrct2,e25c768a3e1ab6c79f2f931cf7ffa1f75d7ce89c,src/interface/console.c,"static int cc_hide(const char **argv, int argc)
{
	console_close();
	return 0;
}
",2016-08-01 20:30:08 +0200,449," RIDE_ENTRY_FLAG_31 = 1 << 31, // 0x80000000                        ^"
1266,openrct2/openrct2,e25c768a3e1ab6c79f2f931cf7ffa1f75d7ce89c,src/interface/console.c,"static int cc_hide(const char **argv, int argc)
{
	console_close();
	return 0;
}
",2016-08-01 20:30:08 +0200,789," RIDE_TYPE_FLAG_SUPPORTS_MULTIPLE_TRACK_COLOUR = 1 << 31,                                                   ^"
1267,openrct2/openrct2,e25c768a3e1ab6c79f2f931cf7ffa1f75d7ce89c,src/interface/console.c,"static int cc_hide(const char **argv, int argc)
{
	console_close();
	return 0;
}
",2016-08-01 20:30:08 +0200,103, GAME_COMMAND_FLAG_NETWORKED = (1 << 31) // Game command is coming from network                                  ^
1268,openrct2/openrct2,e25c768a3e1ab6c79f2f931cf7ffa1f75d7ce89c,src/interface/console.c,"static int cc_hide(const char **argv, int argc)
{
	console_close();
	return 0;
}
",2016-08-01 20:30:08 +0200,162, TRACK_FLAGS2_SIX_FLAGS_RIDE_DEPRECATED = (1 << 31)  // Not used anymore.                                             ^
1269,openrct2/openrct2,e25c768a3e1ab6c79f2f931cf7ffa1f75d7ce89c,src/interface/console.c,"static int cc_hide(const char **argv, int argc)
{
	console_close();
	return 0;
}
",2016-08-01 20:30:08 +0200,467,"     subtype = console_parse_int(argv[4], &int_valid[2])"
1270,openrct2/openrct2,e25c768a3e1ab6c79f2f931cf7ffa1f75d7ce89c,src/interface/console.c,"static int cc_hide(const char **argv, int argc)
{
	console_close();
	return 0;
}
",2016-08-01 20:30:08 +0200,476,     rct_ride *ride = get_ride(ride_index)
1271,openrct2/openrct2,e25c768a3e1ab6c79f2f931cf7ffa1f75d7ce89c,src/interface/console.c,"static int cc_hide(const char **argv, int argc)
{
	console_close();
	return 0;
}
",2016-08-01 20:30:08 +0200,913,   scenerySetEntry = get_scenery_group_entry(groupIndex)
1272,openrct2/openrct2,e25c768a3e1ab6c79f2f931cf7ffa1f75d7ce89c,src/interface/console.c,"static int cc_hide(const char **argv, int argc)
{
	console_close();
	return 0;
}
",2016-08-01 20:30:08 +0200,1107, bool inQuotes = false
1273,openrct2/openrct2,c2db79919d622dc2fcd522b3e4a9631161b51ffa,src/interface/console.c,"static int cc_hide(const char **argv, int argc)
{
	console_close();
	return 0;
}
",2016-08-06 01:35:46 +0100,83," CURSOR_RELEASED = CURSOR_UP | CURSOR_CHANGED,                             ^"
1274,openrct2/openrct2,c2db79919d622dc2fcd522b3e4a9631161b51ffa,src/interface/console.c,"static int cc_hide(const char **argv, int argc)
{
	console_close();
	return 0;
}
",2016-08-06 01:35:46 +0100,1137,"    argv = realloc(argv, argvCapacity * sizeof(utf8*))"
1275,openrct2/openrct2,c2db79919d622dc2fcd522b3e4a9631161b51ffa,src/interface/console.c,"static int cc_hide(const char **argv, int argc)
{
	console_close();
	return 0;
}
",2016-08-06 01:35:46 +0100,521,"   FOR_ALL_STAFF(i, peep) {   ^"
1276,openrct2/openrct2,c2db79919d622dc2fcd522b3e4a9631161b51ffa,src/interface/console.c,"static int cc_hide(const char **argv, int argc)
{
	console_close();
	return 0;
}
",2016-08-06 01:35:46 +0100,462,    int subtype
1277,openrct2/openrct2,c2db79919d622dc2fcd522b3e4a9631161b51ffa,src/interface/console.c,"static int cc_hide(const char **argv, int argc)
{
	console_close();
	return 0;
}
",2016-08-06 01:35:46 +0100,675, int i
1278,openrct2/openrct2,c2db79919d622dc2fcd522b3e4a9631161b51ffa,src/interface/console.c,"static int cc_hide(const char **argv, int argc)
{
	console_close();
	return 0;
}
",2016-08-06 01:35:46 +0100,896,   int rideType
1279,openrct2/openrct2,c2db79919d622dc2fcd522b3e4a9631161b51ffa,src/interface/console.c,"static int cc_hide(const char **argv, int argc)
{
	console_close();
	return 0;
}
",2016-08-06 01:35:46 +0100,278, PEEP_FLAGS_TWITCH = (1 << 31)  // Added for twitch integration                        ^
1280,openrct2/openrct2,c2db79919d622dc2fcd522b3e4a9631161b51ffa,src/interface/console.c,"static int cc_hide(const char **argv, int argc)
{
	console_close();
	return 0;
}
",2016-08-06 01:35:46 +0100,449," RIDE_ENTRY_FLAG_31 = 1 << 31, // 0x80000000                        ^"
1281,openrct2/openrct2,c2db79919d622dc2fcd522b3e4a9631161b51ffa,src/interface/console.c,"static int cc_hide(const char **argv, int argc)
{
	console_close();
	return 0;
}
",2016-08-06 01:35:46 +0100,789," RIDE_TYPE_FLAG_SUPPORTS_MULTIPLE_TRACK_COLOUR = 1 << 31,                                                   ^"
1282,openrct2/openrct2,c2db79919d622dc2fcd522b3e4a9631161b51ffa,src/interface/console.c,"static int cc_hide(const char **argv, int argc)
{
	console_close();
	return 0;
}
",2016-08-06 01:35:46 +0100,102, GAME_COMMAND_FLAG_NETWORKED = (1 << 31) // Game command is coming from network                                  ^
1283,openrct2/openrct2,c2db79919d622dc2fcd522b3e4a9631161b51ffa,src/interface/console.c,"static int cc_hide(const char **argv, int argc)
{
	console_close();
	return 0;
}
",2016-08-06 01:35:46 +0100,162, TRACK_FLAGS2_SIX_FLAGS_RIDE_DEPRECATED = (1 << 31)  // Not used anymore.                                             ^
1284,openrct2/openrct2,c2db79919d622dc2fcd522b3e4a9631161b51ffa,src/interface/console.c,"static int cc_hide(const char **argv, int argc)
{
	console_close();
	return 0;
}
",2016-08-06 01:35:46 +0100,278, PEEP_FLAGS_TWITCH = (1 << 31)  // Added for twitch integration                        ^
1285,openrct2/openrct2,c2db79919d622dc2fcd522b3e4a9631161b51ffa,src/interface/console.c,"static int cc_hide(const char **argv, int argc)
{
	console_close();
	return 0;
}
",2016-08-06 01:35:46 +0100,449," RIDE_ENTRY_FLAG_31 = 1 << 31, // 0x80000000                        ^"
1286,openrct2/openrct2,c2db79919d622dc2fcd522b3e4a9631161b51ffa,src/interface/console.c,"static int cc_hide(const char **argv, int argc)
{
	console_close();
	return 0;
}
",2016-08-06 01:35:46 +0100,789," RIDE_TYPE_FLAG_SUPPORTS_MULTIPLE_TRACK_COLOUR = 1 << 31,                                                   ^"
1287,openrct2/openrct2,c2db79919d622dc2fcd522b3e4a9631161b51ffa,src/interface/console.c,"static int cc_hide(const char **argv, int argc)
{
	console_close();
	return 0;
}
",2016-08-06 01:35:46 +0100,102, GAME_COMMAND_FLAG_NETWORKED = (1 << 31) // Game command is coming from network                                  ^
1288,openrct2/openrct2,c2db79919d622dc2fcd522b3e4a9631161b51ffa,src/interface/console.c,"static int cc_hide(const char **argv, int argc)
{
	console_close();
	return 0;
}
",2016-08-06 01:35:46 +0100,162, TRACK_FLAGS2_SIX_FLAGS_RIDE_DEPRECATED = (1 << 31)  // Not used anymore.                                             ^
1289,openrct2/openrct2,c2db79919d622dc2fcd522b3e4a9631161b51ffa,src/interface/console.c,"static int cc_hide(const char **argv, int argc)
{
	console_close();
	return 0;
}
",2016-08-06 01:35:46 +0100,467,"     subtype = console_parse_int(argv[4], &int_valid[2])"
1290,openrct2/openrct2,c2db79919d622dc2fcd522b3e4a9631161b51ffa,src/interface/console.c,"static int cc_hide(const char **argv, int argc)
{
	console_close();
	return 0;
}
",2016-08-06 01:35:46 +0100,476,     rct_ride *ride = get_ride(ride_index)
1291,openrct2/openrct2,c2db79919d622dc2fcd522b3e4a9631161b51ffa,src/interface/console.c,"static int cc_hide(const char **argv, int argc)
{
	console_close();
	return 0;
}
",2016-08-06 01:35:46 +0100,913,   scenerySetEntry = get_scenery_group_entry(groupIndex)
1292,openrct2/openrct2,c2db79919d622dc2fcd522b3e4a9631161b51ffa,src/interface/console.c,"static int cc_hide(const char **argv, int argc)
{
	console_close();
	return 0;
}
",2016-08-06 01:35:46 +0100,1107, bool inQuotes = false
1293,openrct2/openrct2,8cf7e87b5c88732608b7203567845320ec5270ee,src/interface/console.c,"static int cc_hide(const char **argv, int argc)
{
	console_close();
	return 0;
}
",2016-08-27 23:32:15 +0100,83," CURSOR_RELEASED = CURSOR_UP | CURSOR_CHANGED,                             ^"
1294,openrct2/openrct2,8cf7e87b5c88732608b7203567845320ec5270ee,src/interface/console.c,"static int cc_hide(const char **argv, int argc)
{
	console_close();
	return 0;
}
",2016-08-27 23:32:15 +0100,1137,"    argv = realloc(argv, argvCapacity * sizeof(utf8*))"
1295,openrct2/openrct2,8cf7e87b5c88732608b7203567845320ec5270ee,src/interface/console.c,"static int cc_hide(const char **argv, int argc)
{
	console_close();
	return 0;
}
",2016-08-27 23:32:15 +0100,521,"   FOR_ALL_STAFF(i, peep) {   ^"
1296,openrct2/openrct2,8cf7e87b5c88732608b7203567845320ec5270ee,src/interface/console.c,"static int cc_hide(const char **argv, int argc)
{
	console_close();
	return 0;
}
",2016-08-27 23:32:15 +0100,462,    int subtype
1297,openrct2/openrct2,8cf7e87b5c88732608b7203567845320ec5270ee,src/interface/console.c,"static int cc_hide(const char **argv, int argc)
{
	console_close();
	return 0;
}
",2016-08-27 23:32:15 +0100,675, int i
1298,openrct2/openrct2,8cf7e87b5c88732608b7203567845320ec5270ee,src/interface/console.c,"static int cc_hide(const char **argv, int argc)
{
	console_close();
	return 0;
}
",2016-08-27 23:32:15 +0100,896,   int rideType
1299,openrct2/openrct2,8cf7e87b5c88732608b7203567845320ec5270ee,src/interface/console.c,"static int cc_hide(const char **argv, int argc)
{
	console_close();
	return 0;
}
",2016-08-27 23:32:15 +0100,278, PEEP_FLAGS_TWITCH = (1 << 31)  // Added for twitch integration                        ^
1300,openrct2/openrct2,8cf7e87b5c88732608b7203567845320ec5270ee,src/interface/console.c,"static int cc_hide(const char **argv, int argc)
{
	console_close();
	return 0;
}
",2016-08-27 23:32:15 +0100,449," RIDE_ENTRY_FLAG_31 = 1 << 31, // 0x80000000                        ^"
1301,openrct2/openrct2,8cf7e87b5c88732608b7203567845320ec5270ee,src/interface/console.c,"static int cc_hide(const char **argv, int argc)
{
	console_close();
	return 0;
}
",2016-08-27 23:32:15 +0100,789," RIDE_TYPE_FLAG_SUPPORTS_MULTIPLE_TRACK_COLOUR = 1 << 31,                                                   ^"
1302,openrct2/openrct2,8cf7e87b5c88732608b7203567845320ec5270ee,src/interface/console.c,"static int cc_hide(const char **argv, int argc)
{
	console_close();
	return 0;
}
",2016-08-27 23:32:15 +0100,102, GAME_COMMAND_FLAG_NETWORKED = (1 << 31) // Game command is coming from network                                  ^
1303,openrct2/openrct2,8cf7e87b5c88732608b7203567845320ec5270ee,src/interface/console.c,"static int cc_hide(const char **argv, int argc)
{
	console_close();
	return 0;
}
",2016-08-27 23:32:15 +0100,162, TRACK_FLAGS2_SIX_FLAGS_RIDE_DEPRECATED = (1 << 31)  // Not used anymore.                                             ^
1304,openrct2/openrct2,8cf7e87b5c88732608b7203567845320ec5270ee,src/interface/console.c,"static int cc_hide(const char **argv, int argc)
{
	console_close();
	return 0;
}
",2016-08-27 23:32:15 +0100,278, PEEP_FLAGS_TWITCH = (1 << 31)  // Added for twitch integration                        ^
1305,openrct2/openrct2,8cf7e87b5c88732608b7203567845320ec5270ee,src/interface/console.c,"static int cc_hide(const char **argv, int argc)
{
	console_close();
	return 0;
}
",2016-08-27 23:32:15 +0100,449," RIDE_ENTRY_FLAG_31 = 1 << 31, // 0x80000000                        ^"
1306,openrct2/openrct2,8cf7e87b5c88732608b7203567845320ec5270ee,src/interface/console.c,"static int cc_hide(const char **argv, int argc)
{
	console_close();
	return 0;
}
",2016-08-27 23:32:15 +0100,789," RIDE_TYPE_FLAG_SUPPORTS_MULTIPLE_TRACK_COLOUR = 1 << 31,                                                   ^"
1307,openrct2/openrct2,8cf7e87b5c88732608b7203567845320ec5270ee,src/interface/console.c,"static int cc_hide(const char **argv, int argc)
{
	console_close();
	return 0;
}
",2016-08-27 23:32:15 +0100,102, GAME_COMMAND_FLAG_NETWORKED = (1 << 31) // Game command is coming from network                                  ^
1308,openrct2/openrct2,8cf7e87b5c88732608b7203567845320ec5270ee,src/interface/console.c,"static int cc_hide(const char **argv, int argc)
{
	console_close();
	return 0;
}
",2016-08-27 23:32:15 +0100,162, TRACK_FLAGS2_SIX_FLAGS_RIDE_DEPRECATED = (1 << 31)  // Not used anymore.                                             ^
1309,openrct2/openrct2,8cf7e87b5c88732608b7203567845320ec5270ee,src/interface/console.c,"static int cc_hide(const char **argv, int argc)
{
	console_close();
	return 0;
}
",2016-08-27 23:32:15 +0100,467,"     subtype = console_parse_int(argv[4], &int_valid[2])"
1310,openrct2/openrct2,8cf7e87b5c88732608b7203567845320ec5270ee,src/interface/console.c,"static int cc_hide(const char **argv, int argc)
{
	console_close();
	return 0;
}
",2016-08-27 23:32:15 +0100,476,     rct_ride *ride = get_ride(ride_index)
1311,openrct2/openrct2,8cf7e87b5c88732608b7203567845320ec5270ee,src/interface/console.c,"static int cc_hide(const char **argv, int argc)
{
	console_close();
	return 0;
}
",2016-08-27 23:32:15 +0100,913,   scenerySetEntry = get_scenery_group_entry(groupIndex)
1312,openrct2/openrct2,8cf7e87b5c88732608b7203567845320ec5270ee,src/interface/console.c,"static int cc_hide(const char **argv, int argc)
{
	console_close();
	return 0;
}
",2016-08-27 23:32:15 +0100,1107, bool inQuotes = false
